 -0.002905	0.002601	-2.250913	-14	19	19	-12	-23	228	-0.260077	0.327557	0.684631	29.518314	374.744232	330.177490
 -0.001099	0.001126	-2.248529	-16	18	15	-11	-22	227	-0.261036	0.324176	0.708583	29.520037	373.133362	330.203735
 -0.000736	0.002453	-2.248416	-16	20	17	-12	-21	230	-0.261036	0.324176	0.708583	29.519041	374.065521	330.211243
 -0.000552	0.002047	-2.248345	-15	13	17	-11	-23	229	-0.261036	0.324176	0.708583	29.519041	374.065521	330.218750
 -0.000173	0.002957	-2.247991	-17	11	14	-12	-21	229	-0.260077	0.326712	0.681637	29.519243	373.875427	330.218750
 -0.000825	0.003290	-2.247527	-15	21	14	-12	-23	229	-0.260077	0.326712	0.681637	29.515516	377.360809	330.128754
 -0.000401	0.003523	-2.247394	-17	12	15	-10	-24	230	-0.260077	0.326712	0.681637	29.515516	377.360809	330.128754
 0.000904	0.002443	-2.247086	-12	20	16	-10	-24	229	-0.259117	0.325021	0.695609	29.515516	377.360809	330.162506
 0.000904	0.002443	-2.247086	-12	20	16	-10	-24	229	-0.259117	0.325021	0.695609	29.515516	377.360809	330.162506
 0.001648	0.001991	-2.246936	-13	11	15	-11	-24	229	-0.259117	0.325021	0.695609	29.516979	375.993286	330.162506
 0.002268	0.001713	-2.246692	-15	22	11	-12	-22	230	-0.259117	0.325021	0.695609	29.516979	375.993286	330.162506
 -0.000122	0.004789	-2.246290	-14	22	14	-11	-20	230	-0.258157	0.323331	0.689621	29.518833	374.258972	330.207489
 -0.000955	0.004621	-2.246363	-17	6	18	-12	-21	232	-0.258157	0.323331	0.689621	29.518833	374.258972	330.207489
 -0.001206	0.004666	-2.246358	-13	14	15	-10	-21	230	-0.258157	0.323331	0.689621	29.518833	374.258972	330.158752
 -0.001462	0.003872	-2.246353	-14	16	15	-11	-23	230	-0.258157	0.323331	0.689621	29.517168	375.816528	330.158752
 -0.001002	0.003723	-2.246419	-18	9	18	-13	-22	231	-0.258157	0.323331	0.689621	29.517168	375.816528	330.158752
 -0.000467	0.004146	-2.246088	-13	21	10	-12	-23	228	-0.261036	0.326712	0.700599	29.517168	375.816528	330.188751
 -0.000051	0.004219	-2.245941	-16	15	14	-12	-22	229	-0.261036	0.326712	0.700599	29.517168	375.816528	330.188751
 -0.000077	0.004162	-2.245800	-16	20	14	-12	-23	229	-0.261036	0.326712	0.700599	29.518227	374.825958	330.188751
 0.000369	0.004183	-2.245612	-13	17	12	-13	-21	227	-0.261036	0.326712	0.700599	29.518227	374.825958	330.188751
 -0.000146	0.004676	-2.245481	-18	14	14	-12	-20	229	-0.261036	0.326712	0.700599	29.518227	374.825958	330.184998
 -0.000884	0.004572	-2.245403	-13	20	16	-12	-22	234	-0.261036	0.326712	0.700599	29.518227	374.825958	330.184998
 -0.000780	0.004497	-2.245339	-14	19	17	-12	-21	233	-0.261036	0.326712	0.700599	29.518227	374.825958	330.184998
 -0.001144	0.004553	-2.245278	-17	14	17	-12	-21	233	-0.261036	0.326712	0.700599	29.518227	374.825958	330.184998
 -0.001373	0.004261	-2.245120	-13	28	13	-10	-21	234	-0.261036	0.326712	0.700599	29.518227	374.825958	330.173767
 -0.001553	0.003209	-2.245064	-12	29	17	-9	-26	229	-0.261036	0.326712	0.700599	29.518227	374.825958	330.173767
 0.000111	0.002355	-2.245004	-18	8	17	-11	-24	231	-0.261036	0.326712	0.700599	29.518724	374.360687	330.173767
 0.000948	0.002017	-2.245021	-12	23	20	-12	-24	231	-0.261036	0.327557	0.701597	29.518724	374.360687	330.173767
 0.000948	0.002017	-2.245021	-12	23	20	-12	-24	231	-0.261036	0.327557	0.701597	29.518724	374.360687	330.173767
 0.001676	0.002251	-2.244991	-13	17	16	-12	-23	231	-0.261036	0.327557	0.701597	29.518724	374.360687	330.147491
 0.001867	0.002510	-2.245034	-16	15	19	-10	-25	232	-0.261036	0.327557	0.701597	29.518724	374.360687	330.147491
 0.002837	0.001843	-2.244905	-15	20	12	-10	-25	231	-0.261036	0.327557	0.701597	29.516497	376.443573	330.147491
 0.003620	0.001410	-2.244852	-19	13	15	-12	-24	232	-0.261036	0.327557	0.701597	29.516497	376.443573	330.147491
 0.004027	0.001824	-2.244776	-15	12	14	-12	-25	228	-0.261036	0.327557	0.701597	29.516497	376.443573	330.192505
 0.004788	0.001986	-2.244776	-16	21	17	-10	-23	226	-0.259117	0.327557	0.699601	29.516497	376.443573	330.192505
 0.004749	0.001514	-2.244829	-13	14	18	-9	-20	226	-0.259117	0.327557	0.699601	29.517931	375.102753	330.192505
 0.004749	0.001514	-2.244829	-13	14	18	-9	-20	226	-0.259117	0.327557	0.699601	29.517931	375.102753	330.192505
 0.003531	0.000767	-2.244785	-13	11	14	-11	-23	229	-0.259117	0.327557	0.699601	29.517931	375.102753	330.192505
 0.003540	0.000587	-2.244765	-16	23	15	-10	-22	229	-0.259117	0.327557	0.699601	29.517931	375.102753	330.211243
 0.003175	0.000199	-2.244770	-15	16	16	-10	-23	229	-0.259117	0.327557	0.699601	29.517931	375.102753	330.211243
 0.003244	-0.000051	-2.244726	-15	12	14	-10	-24	229	-0.259117	0.327557	0.699601	29.519064	374.043854	330.211243
 0.003703	-0.000375	-2.244756	-15	16	17	-12	-24	230	-0.261036	0.327557	0.702595	29.519064	374.043854	330.211243
 0.004209	0.000150	-2.244839	-11	15	14	-13	-24	229	-0.261036	0.327557	0.702595	29.519064	374.043854	330.121246
 0.004619	0.000949	-2.244920	-13	18	14	-11	-21	229	-0.261036	0.327557	0.702595	29.519064	374.043854	330.121246
 0.003355	0.000062	-2.245198	-17	12	17	-10	-23	228	-0.261036	0.327557	0.702595	29.515942	376.963898	330.121246
 0.003432	-0.000202	-2.245392	-14	13	19	-12	-21	226	-0.261036	0.327557	0.702595	29.515942	376.963898	330.184998
 0.002690	0.000207	-2.245484	-15	19	15	-11	-20	224	-0.261036	0.327557	0.697605	29.515942	376.963898	330.184998
 0.001744	0.000499	-2.245558	-11	6	14	-10	-22	227	-0.261036	0.327557	0.697605	29.517311	375.683105	330.184998
 0.001538	0.000120	-2.245679	-16	16	16	-10	-23	230	-0.261036	0.327557	0.697605	29.517311	375.683105	330.184998
 0.001538	0.000120	-2.245679	-16	16	16	-10	-23	230	-0.261036	0.327557	0.697605	29.517311	375.683105	330.184998
 0.001721	-0.000243	-2.245749	-17	17	14	-10	-24	229	-0.261036	0.327557	0.697605	29.517311	375.683105	330.125000
 0.002432	-0.000450	-2.245988	-11	12	21	-10	-25	229	-0.261036	0.327557	0.697605	29.517311	375.683105	330.125000
 0.003443	-0.000734	-2.246075	-12	16	15	-11	-22	226	-0.261036	0.327557	0.697605	29.516115	376.800446	330.125000
 0.003168	-0.000715	-2.246184	-12	21	16	-9	-25	228	-0.261036	0.325866	0.700599	29.516115	376.800446	330.125000
 0.004113	-0.001229	-2.246320	-12	10	14	-9	-23	226	-0.261036	0.325866	0.700599	29.516115	376.800446	330.199982
 0.004113	-0.001229	-2.246320	-12	10	14	-9	-23	226	-0.261036	0.325866	0.700599	29.516115	376.800446	330.199982
 0.004141	-0.001657	-2.246525	-13	9	17	-9	-21	224	-0.261036	0.325866	0.700599	29.516115	376.800446	330.199982
 0.003443	-0.002352	-2.246725	-11	22	17	-9	-23	226	-0.261036	0.325866	0.700599	29.518812	374.278961	330.199982
 0.003537	-0.002815	-2.246946	-13	15	18	-10	-22	229	-0.261036	0.325866	0.700599	29.518812	374.278961	330.199982
 0.003294	-0.003105	-2.247063	-10	26	14	-11	-23	227	-0.261036	0.325866	0.700599	29.518812	374.278961	330.207489
 0.003426	-0.002872	-2.247203	-12	22	15	-10	-21	226	-0.261036	0.324176	0.700599	29.518812	374.278961	330.207489
 0.003426	-0.002872	-2.247203	-12	22	15	-10	-21	226	-0.261036	0.324176	0.700599	29.518812	374.278961	330.207489
 0.002685	-0.002841	-2.247566	-15	13	19	-13	-23	227	-0.261036	0.324176	0.700599	29.520708	372.506378	330.207489
 0.002780	-0.001792	-2.247778	-16	20	13	-14	-21	229	-0.261036	0.324176	0.700599	29.520708	372.506378	330.207489
 0.002045	-0.000328	-2.247933	-17	15	11	-13	-20	230	-0.261036	0.324176	0.700599	29.520708	372.506378	330.207489
 0.000969	0.000707	-2.248184	-18	10	15	-13	-19	230	-0.261036	0.324176	0.700599	29.520708	372.506378	330.207489
 -0.000294	0.001393	-2.248430	-14	20	15	-13	-20	229	-0.261036	0.324176	0.700599	29.519640	373.505219	330.207489
 -0.000294	0.001393	-2.248430	-14	20	15	-13	-20	229	-0.261036	0.324176	0.700599	29.519640	373.505219	330.207489
 -0.001042	0.001869	-2.248523	-14	26	9	-13	-20	230	-0.260077	0.326712	0.695609	29.519640	373.505219	330.207489
 -0.001783	0.002805	-2.248444	-17	5	17	-12	-22	229	-0.260077	0.326712	0.695609	29.519640	373.505219	330.181244
 -0.001474	0.003525	-2.248213	-13	16	14	-13	-23	226	-0.260077	0.326712	0.695609	29.517370	375.628082	330.181244
 -0.000990	0.004177	-2.248088	-17	10	15	-11	-20	229	-0.260077	0.326712	0.695609	29.517370	375.628082	330.181244
 -0.001644	0.003773	-2.248020	-13	18	17	-13	-19	227	-0.260077	0.326712	0.695609	29.517370	375.628082	330.173767
 -0.002581	0.003913	-2.247930	-11	30	16	-12	-18	228	-0.260077	0.326712	0.708583	29.517370	375.628082	330.173767
 -0.004026	0.004105	-2.247684	-19	11	14	-11	-16	230	-0.260077	0.326712	0.708583	29.516684	376.270111	330.173767
 -0.006091	0.003783	-2.247495	-19	15	16	-11	-21	228	-0.260077	0.326712	0.708583	29.516684	376.270111	330.173767
 -0.005930	0.003490	-2.247303	-17	15	16	-9	-22	232	-0.260077	0.326712	0.708583	29.516684	376.270111	330.173767
 -0.005930	0.003490	-2.247303	-17	15	16	-9	-22	232	-0.260077	0.326712	0.708583	29.516684	376.270111	330.173767
 -0.005272	0.002505	-2.247065	-12	13	14	-11	-24	232	-0.260077	0.326712	0.708583	29.516684	376.270111	330.173767
 -0.004076	0.002125	-2.246855	-19	24	15	-10	-23	230	-0.260077	0.326712	0.708583	29.518198	374.852631	330.173767
 -0.003230	0.001412	-2.246701	-13	23	17	-12	-24	230	-0.261996	0.326712	0.687625	29.518198	374.852631	330.173767
 -0.002124	0.001779	-2.246536	-15	14	13	-11	-23	228	-0.261996	0.326712	0.687625	29.518198	374.852631	330.158752
 -0.001565	0.001640	-2.246351	-17	17	12	-11	-22	230	-0.261996	0.326712	0.687625	29.518198	374.852631	330.158752
 -0.001565	0.001640	-2.246351	-17	17	12	-11	-22	230	-0.261996	0.326712	0.687625	29.518198	374.852631	330.158752
 -0.001390	0.001443	-2.246245	-14	20	15	-10	-24	231	-0.261996	0.326712	0.687625	29.517809	375.217834	330.158752
 -0.000526	0.000998	-2.246115	-17	15	14	-11	-26	229	-0.261996	0.326712	0.687625	29.517809	375.217834	330.158752
 0.001109	0.000914	-2.245989	-15	18	14	-9	-24	229	-0.261996	0.326712	0.687625	29.517809	375.217834	330.170013
 0.001832	0.000069	-2.245891	-13	17	15	-7	-26	225	-0.262956	0.325021	0.701597	29.517809	375.217834	330.170013
 0.003210	-0.001118	-2.246089	-15	3	16	-9	-25	227	-0.262956	0.325021	0.701597	29.518574	374.502441	330.170013
 0.003210	-0.001118	-2.246089	-15	3	16	-9	-25	227	-0.262956	0.325021	0.701597	29.518574	374.502441	330.170013
 0.003927	-0.001759	-2.246331	-21	17	18	-10	-23	226	-0.262956	0.325021	0.701597	29.518574	374.502441	330.170013
 0.003851	-0.001790	-2.246517	-18	11	16	-12	-21	227	-0.262956	0.325021	0.701597	29.518574	374.502441	330.170013
 0.003036	-0.001197	-2.246650	-16	18	14	-11	-23	229	-0.262956	0.325021	0.701597	29.518574	374.502441	330.128754
 0.003021	-0.001084	-2.246805	-19	19	15	-9	-23	228	-0.262956	0.325021	0.701597	29.515387	377.482544	330.128754
 0.003108	-0.001733	-2.247029	-15	17	18	-9	-20	229	-0.261036	0.324176	0.698603	29.515387	377.482544	330.128754
 0.003108	-0.001733	-2.247029	-15	17	18	-9	-20	229	-0.261036	0.324176	0.698603	29.515387	377.482544	330.128754
 0.001944	-0.002116	-2.247252	-17	9	16	-10	-21	227	-0.261036	0.324176	0.698603	29.515387	377.482544	330.128754
 0.001417	-0.002529	-2.247326	-12	28	10	-11	-20	227	-0.261036	0.324176	0.698603	29.515387	377.482544	330.136261
 0.000474	-0.002332	-2.247518	-15	21	15	-9	-19	225	-0.261036	0.324176	0.698603	29.514427	378.379791	330.136261
 -0.000777	-0.002943	-2.247705	-16	21	15	-8	-22	227	-0.261036	0.324176	0.698603	29.514427	378.379791	330.136261
 -0.000706	-0.003823	-2.247842	-15	18	13	-9	-23	230	-0.261036	0.324176	0.698603	29.514427	378.379791	330.136261
 -0.000706	-0.003823	-2.247842	-15	18	13	-9	-23	230	-0.261036	0.324176	0.698603	29.514427	378.379791	330.136261
 -0.000199	-0.004454	-2.248026	-13	28	15	-13	-24	227	-0.259117	0.326712	0.699601	29.514427	378.379791	330.095001
 0.001765	-0.003239	-2.248064	-14	12	16	-11	-22	227	-0.259117	0.326712	0.699601	29.514717	378.107941	330.095001
 0.001655	-0.002995	-2.248103	-12	22	17	-10	-23	228	-0.259117	0.326712	0.699601	29.514717	378.107941	330.095001
 0.001758	-0.003123	-2.248143	-20	20	17	-12	-20	228	-0.259117	0.326712	0.699601	29.514717	378.107941	330.203735
 0.000870	-0.002437	-2.248129	-11	20	15	-14	-24	230	-0.259117	0.326712	0.699601	29.517052	375.924927	330.203735
 0.001612	-0.000993	-2.248095	-13	18	14	-12	-24	229	-0.262956	0.325866	0.698603	29.517052	375.924927	330.203735
 0.002212	-0.000453	-2.248283	-16	17	15	-15	-22	230	-0.262956	0.325866	0.698603	29.517052	375.924927	330.203735
 0.002080	0.001259	-2.248345	-11	15	10	-14	-23	230	-0.262956	0.325866	0.698603	29.517052	375.924927	330.184998
 0.002232	0.002527	-2.248550	-16	10	16	-12	-21	229	-0.262956	0.325866	0.698603	29.517708	375.311218	330.184998
 0.001504	0.002783	-2.248753	-19	14	16	-11	-22	228	-0.262956	0.325866	0.698603	29.517708	375.311218	330.184998
 0.001417	0.002273	-2.248950	-12	28	16	-10	-22	227	-0.262956	0.325866	0.698603	29.517708	375.311218	330.184998
 0.001219	0.001616	-2.249069	-17	20	13	-10	-26	228	-0.263916	0.327557	0.701597	29.517708	375.311218	330.154999
 0.002763	0.000726	-2.249082	-12	32	15	-11	-25	230	-0.263916	0.327557	0.701597	29.517464	375.539673	330.154999
 0.003708	0.000401	-2.249070	-13	29	14	-12	-23	229	-0.263916	0.327557	0.701597	29.517464	375.539673	330.154999
 0.003708	0.000401	-2.249070	-13	29	14	-12	-23	229	-0.263916	0.327557	0.701597	29.517464	375.539673	330.154999
 0.003797	0.000947	-2.249059	-12	11	14	-9	-23	230	-0.263916	0.327557	0.701597	29.517464	375.539673	330.154999
 0.003826	0.000203	-2.249072	-14	13	15	-9	-21	229	-0.263916	0.327557	0.701597	29.517464	375.539673	330.136261
 0.003034	-0.000473	-2.249060	-15	13	14	-11	-21	228	-0.263916	0.327557	0.701597	29.515207	377.649323	330.136261
 0.002392	-0.000383	-2.249098	-12	17	16	-11	-21	228	-0.257198	0.324176	0.700599	29.515207	377.649323	330.136261
 0.001790	-0.000523	-2.249180	-13	26	20	-12	-20	229	-0.257198	0.324176	0.700599	29.515207	377.649323	330.136261
 0.000856	-0.000300	-2.249163	-13	28	16	-13	-22	229	-0.257198	0.324176	0.700599	29.515207	377.649323	330.214996
 0.000856	-0.000300	-2.249163	-13	28	16	-13	-22	229	-0.257198	0.324176	0.700599	29.515207	377.649323	330.214996
 0.000738	0.000836	-2.249023	-16	6	11	-11	-20	228	-0.257198	0.324176	0.700599	29.520058	373.115021	330.214996
 0.000300	0.001338	-2.248995	-15	29	14	-12	-23	225	-0.257198	0.324176	0.700599	29.520058	373.115021	330.214996
 0.000300	0.001338	-2.248995	-15	29	14	-12	-23	225	-0.257198	0.324176	0.700599	29.520058	373.115021	330.214996
 0.000629	0.001640	-2.249006	-16	17	17	-8	-24	228	-0.259117	0.325021	0.691617	29.520058	373.115021	330.166260
 0.001309	0.000290	-2.248995	-17	18	19	-12	-23	227	-0.259117	0.325021	0.691617	29.515257	377.604279	330.166260
 0.001568	0.000528	-2.248838	-15	24	13	-13	-26	226	-0.259117	0.325021	0.691617	29.515257	377.604279	330.166260
 0.002884	0.001306	-2.248684	-19	17	13	-12	-23	227	-0.259117	0.325021	0.691617	29.515257	377.604279	330.166260
 0.002960	0.001712	-2.248584	-16	13	15	-10	-23	228	-0.259117	0.325021	0.691617	29.515257	377.604279	330.170013
 0.003077	0.001033	-2.248486	-14	23	15	-12	-22	229	-0.259117	0.325021	0.691617	29.517015	375.958282	330.170013
 0.003077	0.001033	-2.248486	-14	23	15	-12	-22	229	-0.259117	0.325021	0.691617	29.517015	375.958282	330.170013
 0.002686	0.001514	-2.248415	-18	11	16	-13	-23	232	-0.263916	0.327557	0.683633	29.517015	375.958282	330.170013
 0.002822	0.001984	-2.248499	-14	25	14	-11	-22	232	-0.263916	0.327557	0.683633	29.517015	375.958282	330.170013
 0.002484	0.001852	-2.248607	-17	16	15	-10	-20	228	-0.263916	0.327557	0.683633	29.517015	375.958282	330.102509
 0.001351	0.001354	-2.248737	-18	15	16	-12	-21	230	-0.263916	0.327557	0.683633	29.512726	379.970886	330.102509
 0.000887	0.001629	-2.248814	-12	18	14	-14	-23	232	-0.263916	0.327557	0.683633	29.512726	379.970886	330.102509
 0.000887	0.001629	-2.248814	-12	18	14	-14	-23	232	-0.263916	0.327557	0.683633	29.512726	379.970886	330.102509
 0.001252	0.002769	-2.248864	-12	13	13	-14	-23	233	-0.263916	0.327557	0.683633	29.512726	379.970886	330.102509
 0.001603	0.003811	-2.248960	-11	12	15	-12	-23	231	-0.260077	0.325021	0.701597	29.512726	379.970886	330.147491
 0.001801	0.003788	-2.248752	-16	20	10	-13	-22	232	-0.260077	0.325021	0.701597	29.512726	379.970886	330.147491
 0.001517	0.004251	-2.248575	-19	16	11	-11	-20	230	-0.260077	0.325021	0.701597	29.515783	377.110657	330.147491
 0.000470	0.004010	-2.248551	-19	11	17	-11	-21	233	-0.260077	0.325021	0.701597	29.515783	377.110657	330.147491
 0.000470	0.004010	-2.248551	-19	11	17	-11	-21	233	-0.260077	0.325021	0.701597	29.515783	377.110657	330.147491
 -0.000041	0.003530	-2.248331	-18	22	9	-11	-22	234	-0.260077	0.325021	0.701597	29.515783	377.110657	330.147491
 -0.000093	0.003100	-2.248261	-17	22	15	-11	-24	232	-0.260077	0.325021	0.701597	29.515783	377.110657	330.147491
 0.000611	0.002855	-2.248166	-18	16	14	-12	-23	232	-0.261036	0.325866	0.675649	29.514818	378.014557	330.147491
 0.001029	0.003072	-2.248071	-11	14	15	-11	-22	229	-0.261036	0.325866	0.675649	29.514818	378.014557	330.147491
 0.001029	0.003072	-2.248071	-11	14	15	-11	-22	229	-0.261036	0.325866	0.675649	29.514818	378.014557	330.147491
 0.000893	0.002974	-2.247882	-16	10	11	-11	-22	228	-0.261036	0.325866	0.675649	29.514818	378.014557	330.226257
 0.000649	0.002786	-2.247892	-21	14	19	-16	-21	228	-0.261036	0.325866	0.675649	29.514818	378.014557	330.226257
 0.000200	0.004227	-2.247782	-14	30	14	-12	-22	227	-0.261036	0.325866	0.675649	29.520145	373.031647	330.226257
 0.001355	0.004018	-2.245499	33	26	-75	11	-12	225	-0.261036	0.325866	0.675649	29.520145	373.031647	330.226257
 -0.001833	-0.008484	-2.216256	32	161	-1181	-16	-33	232	-0.258157	0.325021	0.696607	29.520145	373.031647	330.132507
 -0.001833	-0.008484	-2.216256	32	161	-1181	-16	-33	232	-0.258157	0.325021	0.696607	29.520145	373.031647	330.132507
 0.002347	-0.007359	-2.199468	-20	85	-697	-18	-22	220	-0.258157	0.325021	0.696607	29.520145	373.031647	330.132507
 0.002084	-0.004280	-2.197782	-16	28	-94	-10	-18	226	-0.258157	0.325021	0.696607	29.514912	377.926178	330.132507
 -0.001028	-0.004817	-2.198647	-69	42	9	-31	-43	220	-0.258157	0.325021	0.696607	29.514912	377.926178	330.132507
 0.006073	0.002584	-2.198509	-55	46	-32	-33	-15	215	-0.258157	0.325021	0.696607	29.514912	377.926178	330.173767
 0.003849	0.009849	-2.191392	17	38	-318	-24	-26	227	-0.258157	0.325021	0.696607	29.514912	377.926178	330.173767
 0.006279	0.012948	-2.178380	28	60	-565	-22	-33	227	-0.243762	0.329248	0.692615	29.519251	373.868744	330.173767
 0.006279	0.012948	-2.178380	28	60	-565	-22	-33	227	-0.243762	0.329248	0.692615	29.519251	373.868744	330.173767
 0.010790	0.015501	-2.170356	11	37	-333	-14	-21	227	-0.243762	0.329248	0.692615	29.519251	373.868744	330.173767
 0.009173	0.015200	-2.169830	-21	16	-37	-13	-5	227	-0.243762	0.329248	0.692615	29.519251	373.868744	330.226257
 0.001660	0.015205	-2.176444	-3	-11	251	-16	31	211	-0.243762	0.329248	0.692615	29.519251	373.868744	330.226257
 -0.018971	0.017920	-2.206097	-39	-94	1192	-2	10	193	-0.243762	0.329248	0.692615	29.519287	373.835388	330.226257
 -0.018971	0.017920	-2.206097	-39	-94	1192	-2	10	193	-0.243762	0.329248	0.692615	29.519287	373.835388	330.226257
 -0.018252	0.016429	-2.202096	-1	5	-998	-18	-69	255	-0.231286	0.322485	0.671657	29.519287	373.835388	330.241241
 -0.001543	0.014579	-2.176868	8	125	-952	-34	-90	241	-0.231286	0.322485	0.671657	29.519287	373.835388	330.241241
 0.021455	0.020608	-2.173780	0	28	-66	-21	-57	236	-0.231286	0.322485	0.671657	29.520109	373.066650	330.241241
 0.031935	0.022603	-2.172782	-28	6	10	-17	-44	232	-0.231286	0.322485	0.671657	29.520109	373.066650	330.241241
 0.037469	0.022540	-2.172030	-5	24	14	-10	-37	223	-0.231286	0.322485	0.671657	29.520109	373.066650	330.237488
 0.037469	0.022540	-2.172030	-5	24	14	-10	-37	223	-0.231286	0.322485	0.671657	29.520109	373.066650	330.237488
 0.039796	0.019771	-2.171495	-9	28	19	-14	-28	226	-0.231286	0.322485	0.671657	29.520109	373.066650	330.237488
 0.038176	0.018902	-2.171095	-16	23	21	-13	-25	228	-0.222649	0.319104	0.672655	29.520239	372.944946	330.237488
 0.035319	0.018708	-2.175746	-19	-13	182	-12	-20	228	-0.222649	0.319104	0.672655	29.520239	372.944946	330.237488
 0.031291	0.017188	-2.174824	-1	18	-44	1	-20	238	-0.222649	0.319104	0.672655	29.520239	372.944946	330.128754
 0.027231	0.009780	-2.161836	-32	58	-539	-16	-8	226	-0.222649	0.319104	0.672655	29.520239	372.944946	330.128754
 0.027231	0.009780	-2.161836	-32	58	-539	-16	-8	226	-0.222649	0.319104	0.672655	29.520239	372.944946	330.128754
 0.018958	0.010599	-2.162186	-16	26	-6	-17	-16	228	-0.222649	0.319104	0.672655	29.515617	377.265747	330.128754
 0.014455	0.012335	-2.162945	-22	2	13	-16	-21	230	-0.222649	0.319104	0.672655	29.515617	377.265747	330.128754
 0.012473	0.013231	-2.163690	-20	12	14	-14	-22	229	-0.221689	0.323331	0.657685	29.515617	377.265747	330.177490
 0.009694	0.013523	-2.164136	-17	14	17	-11	-21	230	-0.221689	0.323331	0.657685	29.516598	376.350159	330.177490
 0.009694	0.013523	-2.164136	-17	14	17	-11	-21	230	-0.221689	0.323331	0.657685	29.516598	376.350159	330.177490
 0.008218	0.011988	-2.164206	-19	26	11	-13	-21	232	-0.221689	0.323331	0.657685	29.516598	376.350159	330.177490
 0.006878	0.011344	-2.164296	-20	28	12	-12	-25	232	-0.221689	0.323331	0.657685	29.516598	376.350159	330.151245
 0.006757	0.010599	-2.164606	-39	19	22	-10	-20	232	-0.221689	0.323331	0.657685	29.516598	376.350159	330.151245
 0.003394	0.008100	-2.164591	-93	62	8	-33	-44	210	-0.220729	0.320795	0.659681	29.517708	375.311218	330.151245
 0.010480	0.012557	-2.146599	-38	117	-721	-45	-42	222	-0.220729	0.320795	0.659681	29.517708	375.311218	330.151245
 0.021934	0.020026	-2.097697	135	164	-2004	-48	-59	195	-0.220729	0.320795	0.659681	29.517708	375.311218	330.166260
 0.021934	0.020026	-2.097697	135	164	-2004	-48	-59	195	-0.220729	0.320795	0.659681	29.517708	375.311218	330.166260
 0.037001	0.020147	-2.031445	130	334	-2767	-9	-34	249	-0.220729	0.320795	0.659681	29.517708	375.311218	330.166260
 0.039443	0.007835	-1.970379	38	317	-2633	56	-20	129	-0.220729	0.320795	0.659681	29.517132	375.849884	330.166260
 0.040062	-0.006616	-1.943462	60	187	-1287	13	12	180	-0.220729	0.320795	0.659681	29.517132	375.849884	330.166260
 0.028943	-0.017342	-1.912524	8	170	-1471	-8	6	211	-0.154511	0.336010	0.681637	29.517132	375.849884	330.173767
 0.016619	-0.027768	-1.863945	41	426	-2109	-15	-16	225	-0.154511	0.336010	0.681637	29.517132	375.849884	330.173767
 0.016619	-0.027768	-1.863945	41	426	-2109	-15	-16	225	-0.154511	0.336010	0.681637	29.517132	375.849884	330.173767
 0.012838	-0.035800	-1.848711	21	514	-792	-7	-58	244	-0.154511	0.336010	0.681637	29.516338	376.591980	330.173767
 0.026397	-0.062727	-1.870061	37	1223	653	-15	-33	233	-0.154511	0.336010	0.681637	29.516338	376.591980	330.173767
 0.027730	-0.074850	-1.898097	-100	863	959	-18	-30	249	-0.154511	0.336010	0.681637	29.516338	376.591980	330.192505
 0.027108	-0.080971	-1.912237	-81	661	427	-31	-32	231	-0.154511	0.336010	0.681637	29.516338	376.591980	330.192505
 0.027108	-0.080971	-1.912237	-81	661	427	-31	-32	231	-0.154511	0.336010	0.681637	29.516338	376.591980	330.192505
 0.027576	-0.074816	-1.941146	-121	447	1047	-56	-38	190	-0.075816	0.336010	0.665669	29.519201	373.915436	330.192505
 0.031609	-0.071021	-1.969298	-52	647	1119	-51	-20	208	-0.075816	0.336010	0.665669	29.519201	373.915436	330.192505
 0.028581	-0.070413	-1.984751	-50	823	638	-56	-11	215	-0.075816	0.336010	0.665669	29.519201	373.915436	330.196259
 0.021736	-0.061966	-1.990417	-38	630	270	-62	-11	214	-0.075816	0.336010	0.665669	29.519201	373.915436	330.196259
 0.016251	-0.043545	-1.990466	7	279	53	-64	-16	212	-0.075816	0.336010	0.665669	29.518234	374.819275	330.196259
 0.010804	-0.019761	-1.991994	-91	9	110	-66	-34	202	-0.075816	0.336010	0.665669	29.518234	374.819275	330.196259
 0.014929	0.001399	-1.989932	21	-12	-40	-50	-29	224	-0.051823	0.335165	0.663673	29.518234	374.819275	330.188751
 0.014942	0.011953	-1.987033	-68	225	109	-63	-24	213	-0.051823	0.335165	0.663673	29.518234	374.819275	330.188751
 0.014963	0.021455	-1.983683	10	385	85	-51	-23	226	-0.051823	0.335165	0.663673	29.517902	375.129456	330.188751
 0.013476	0.023213	-1.983291	-26	520	200	-55	-19	225	-0.051823	0.335165	0.663673	29.517902	375.129456	330.188751
 0.013476	0.023213	-1.983291	-26	520	200	-55	-19	225	-0.051823	0.335165	0.663673	29.517902	375.129456	330.188751
 0.010982	0.030049	-1.980513	-11	371	103	-64	-19	222	-0.051823	0.335165	0.663673	29.517902	375.129456	330.177490
 0.007933	0.041723	-1.976629	-46	295	56	-57	-25	226	-0.051823	0.335165	0.663673	29.517902	375.129456	330.177490
 0.009570	0.048217	-1.972499	37	334	47	-60	-24	228	-0.026871	0.337701	0.638723	29.517052	375.924927	330.177490
 0.009911	0.056916	-1.962190	1	252	-28	-68	-19	218	-0.026871	0.337701	0.638723	29.517052	375.924927	330.177490
 0.008921	0.068852	-1.952690	26	227	-9	-67	-19	219	-0.026871	0.337701	0.638723	29.517052	375.924927	330.177490
 0.008921	0.068852	-1.952690	26	227	-9	-67	-19	219	-0.026871	0.337701	0.638723	29.517052	375.924927	330.177490
 0.007293	0.081000	-1.944759	1	159	46	-77	-17	217	-0.026871	0.337701	0.638723	29.517052	375.924927	330.188751
 0.005409	0.104667	-1.934175	1	-196	-70	-79	-18	211	-0.026871	0.337701	0.638723	29.517204	375.783173	330.188751
 0.006994	0.140225	-1.915268	60	-768	-412	-86	-13	210	-0.026871	0.337701	0.638723	29.517204	375.783173	330.188751
 0.010060	0.188891	-1.888986	120	-1329	-731	-84	-15	204	-0.019194	0.340237	0.653693	29.517204	375.783173	330.188751
 0.005892	0.255399	-1.851739	-345	-2280	-994	-59	-28	192	-0.019194	0.340237	0.653693	29.517204	375.783173	330.230011
 0.005892	0.255399	-1.851739	-345	-2280	-994	-59	-28	192	-0.019194	0.340237	0.653693	29.517204	375.783173	330.230011
 0.017777	0.323953	-1.809189	-21	-2915	-1159	-43	-18	233	-0.019194	0.340237	0.653693	29.518091	374.952667	330.230011
 0.025187	0.336330	-1.784972	219	-1305	-555	-38	-21	246	-0.019194	0.340237	0.653693	29.518091	374.952667	330.230011
 0.029679	0.353046	-1.760660	57	-1572	-553	-56	-24	254	-0.019194	0.340237	0.653693	29.518091	374.952667	330.230011
 0.031946	0.400550	-1.714671	-455	-2654	-1331	-34	-22	257	-0.019194	0.340237	0.653693	29.518091	374.952667	330.233765
 0.034168	0.444762	-1.660559	-648	-2966	-1647	-6	-29	241	-0.163148	0.341082	0.687625	29.518724	374.360687	330.233765
 0.034168	0.444762	-1.660559	-648	-2966	-1647	-6	-29	241	-0.163148	0.341082	0.687625	29.518724	374.360687	330.233765
 0.026876	0.469597	-1.619169	-884	-2781	-1069	38	-6	225	-0.163148	0.341082	0.687625	29.518724	374.360687	330.233765
 0.009565	0.467589	-1.586940	-830	-2436	-951	48	-12	221	-0.163148	0.341082	0.687625	29.518724	374.360687	330.233765
 -0.006061	0.461834	-1.560352	-809	-2427	-737	44	-18	195	-0.163148	0.341082	0.687625	29.518724	374.360687	330.199982
 -0.019264	0.454322	-1.539620	-758	-1589	-500	96	-38	210	-0.163148	0.341082	0.687625	29.518278	374.777588	330.199982
 -0.012747	0.407230	-1.518523	-254	-1191	-408	120	-39	198	-0.163148	0.341082	0.687625	29.518278	374.777588	330.199982
 -0.012747	0.407230	-1.518523	-254	-1191	-408	120	-39	198	-0.163148	0.341082	0.687625	29.518278	374.777588	330.199982
 0.002016	0.355464	-1.500550	154	-1146	-328	119	-37	189	-0.310941	0.232882	0.700599	29.518278	374.777588	330.199982
 0.015694	0.300365	-1.492205	187	-900	-338	117	-41	187	-0.310941	0.232882	0.700599	29.518278	374.777588	330.260010
 0.028811	0.248893	-1.482830	158	-816	-391	133	-25	201	-0.310941	0.232882	0.700599	29.520721	372.493042	330.260010
 0.036248	0.195458	-1.474908	247	-663	-423	133	-32	185	-0.310941	0.232882	0.700599	29.520721	372.493042	330.260010
 0.045306	0.136382	-1.469143	262	-550	-331	148	-59	217	-0.310941	0.232882	0.700599	29.520721	372.493042	330.260010
 0.045306	0.136382	-1.469143	262	-550	-331	148	-59	217	-0.310941	0.232882	0.700599	29.520721	372.493042	330.260010
 0.067800	0.093321	-1.460078	558	-452	-450	146	-42	190	-0.310941	0.232882	0.700599	29.520721	372.493042	330.267517
 0.067842	0.037305	-1.459945	-102	-305	-109	148	-41	185	-0.366603	0.242181	0.698603	29.519878	373.281769	330.267517
 0.069810	-0.022476	-1.481281	-54	-60	16	135	-34	183	-0.366603	0.242181	0.698603	29.519878	373.281769	330.267517
 0.069892	-0.078300	-1.501613	-12	-17	-21	134	-29	184	-0.366603	0.242181	0.698603	29.519878	373.281769	330.267517
 0.067197	-0.129952	-1.520402	-31	21	-65	131	-26	183	-0.366603	0.242181	0.698603	29.519878	373.281769	330.271240
 0.067197	-0.129952	-1.520402	-31	21	-65	131	-26	183	-0.366603	0.242181	0.698603	29.519878	373.281769	330.271240
 0.063299	-0.176330	-1.537926	-28	46	-93	131	-28	184	-0.366603	0.242181	0.698603	29.521990	371.307465	330.271240
 0.060176	-0.219541	-1.556497	-44	83	-40	131	-27	184	-0.366603	0.242181	0.698603	29.521990	371.307465	330.271240
 0.056210	-0.258124	-1.574374	-64	57	-43	131	-22	184	-0.366603	0.240490	0.702595	29.521990	371.307465	330.271240
 0.048530	-0.294611	-1.593177	-140	116	-57	133	-30	175	-0.366603	0.240490	0.702595	29.521990	371.307465	330.252502
 0.048033	-0.330021	-1.615398	-49	216	41	131	-27	181	-0.366603	0.240490	0.702595	29.521276	371.974457	330.252502
 0.048033	-0.330021	-1.615398	-49	216	41	131	-27	181	-0.366603	0.240490	0.702595	29.521276	371.974457	330.252502
 0.046972	-0.361506	-1.636235	-7	210	23	129	-26	182	-0.366603	0.240490	0.702595	29.521276	371.974457	330.252502
 0.045001	-0.389074	-1.656244	-23	208	16	128	-26	187	-0.366603	0.240490	0.702595	29.521276	371.974457	330.252502
 0.042654	-0.414708	-1.676010	-40	260	23	118	-25	189	-0.366603	0.240490	0.702595	29.521276	371.974457	330.248749
 0.036582	-0.426140	-1.688737	-64	-51	-201	105	-35	196	-0.360845	0.241336	0.700599	29.521097	372.142883	330.248749
 0.030833	-0.422786	-1.697857	-138	-379	-398	110	-39	189	-0.360845	0.241336	0.700599	29.521097	372.142883	330.248749
 0.030833	-0.422786	-1.697857	-138	-379	-398	110	-39	189	-0.360845	0.241336	0.700599	29.521097	372.142883	330.248749
 0.023943	-0.416481	-1.710074	-313	-618	-309	121	-23	177	-0.360845	0.241336	0.700599	29.521097	372.142883	330.248749
 0.021323	-0.423754	-1.726074	-13	-286	-91	125	-22	183	-0.360845	0.241336	0.700599	29.521097	372.142883	330.203735
 0.018864	-0.434652	-1.741391	12	-164	-106	128	-12	188	-0.360845	0.241336	0.700599	29.519777	373.376831	330.203735
 -0.000674	-0.447187	-1.748315	-401	-94	-337	137	-15	176	-0.360845	0.241336	0.700599	29.519777	373.376831	330.203735
 -0.004765	-0.464492	-1.760907	21	-33	-174	149	-19	167	-0.369482	0.232882	0.683633	29.519777	373.376831	330.203735
 -0.004765	-0.464492	-1.760907	21	-33	-174	149	-19	167	-0.369482	0.232882	0.683633	29.519777	373.376831	330.203735
 -0.001816	-0.501141	-1.781410	71	595	96	143	-20	173	-0.369482	0.232882	0.683633	29.519777	373.376831	330.188751
 0.006087	-0.536981	-1.806535	159	834	271	135	-24	179	-0.369482	0.232882	0.683633	29.519777	373.376831	330.188751
 0.032566	-0.605828	-1.869098	167	1318	608	84	-65	179	-0.369482	0.232882	0.683633	29.516815	376.146729	330.188751
 0.079121	-0.652266	-1.928670	402	2522	1042	141	-39	219	-0.369482	0.232882	0.683633	29.516815	376.146729	330.218750
 0.079121	-0.652266	-1.928670	402	2522	1042	141	-39	219	-0.369482	0.232882	0.683633	29.516815	376.146729	330.218750
 0.111193	-0.724032	-1.982368	247	3398	919	239	-62	398	-0.286948	0.250634	0.730539	29.519632	373.511902	330.218750
 0.192821	-0.848382	-2.089384	510	5512	1796	69	-53	121	-0.286948	0.250634	0.730539	29.519632	373.511902	330.218750
 0.348405	-0.965855	-2.273168	657	6252	2704	-4	-33	54	-0.286948	0.250634	0.730539	29.519632	373.511902	330.218750
 0.545350	-1.050074	-2.492358	650	5170	2579	-168	-69	488	-0.286948	0.250634	0.730539	29.519632	373.511902	330.248749
 0.590275	-1.016054	-2.557973	-320	-494	1863	87	61	-167	-0.286948	0.250634	0.730539	29.519632	373.511902	330.248749
 0.650834	-1.029528	-2.629252	71	9	1629	-100	21	546	-0.286948	0.250634	0.730539	29.520773	372.446350	330.248749
 0.661301	-1.026385	-2.645218	-42	44	312	-62	3	406	-0.077735	0.336855	0.696607	29.520773	372.446350	330.248749
 0.671885	-1.028868	-2.665573	-8	217	153	-31	1	334	-0.077735	0.336855	0.696607	29.520773	372.446350	330.260010
 0.685145	-1.023674	-2.697123	37	974	573	-27	-21	283	-0.077735	0.336855	0.696607	29.520773	372.446350	330.260010
 0.647357	-0.984397	-2.687027	22	1002	684	-46	-12	248	-0.077735	0.336855	0.696607	29.520441	372.756500	330.260010
 0.647357	-0.984397	-2.687027	22	1002	684	-46	-12	248	-0.077735	0.336855	0.696607	29.520441	372.756500	330.260010
 0.571828	-0.920915	-2.641608	10	430	447	-50	-7	228	-0.077735	0.336855	0.696607	29.520441	372.756500	330.260010
 0.480896	-0.844810	-2.580676	-28	-79	13	-41	-17	226	-0.077735	0.336855	0.696607	29.520441	372.756500	330.181244
 0.406734	-0.770776	-2.534577	-8	-66	-210	-36	-20	228	-0.051823	0.338546	0.701597	29.520441	372.756500	330.181244
 0.348102	-0.699615	-2.501510	1	-56	-209	-21	-29	236	-0.051823	0.338546	0.701597	29.516865	376.100006	330.181244
 0.310033	-0.643797	-2.490808	1	305	-8	-28	-37	233	-0.051823	0.338546	0.701597	29.516865	376.100006	330.181244
 0.310033	-0.643797	-2.490808	1	305	-8	-28	-37	233	-0.051823	0.338546	0.701597	29.516865	376.100006	330.181244
 0.281631	-0.589907	-2.490950	-41	408	89	-22	-18	222	-0.051823	0.338546	0.701597	29.516865	376.100006	330.203735
 0.247191	-0.540854	-2.484216	-15	187	-97	-32	-19	224	-0.051823	0.338546	0.701597	29.516865	376.100006	330.203735
 0.218598	-0.489524	-2.482243	39	174	-56	-32	-13	226	-0.051823	0.338546	0.701597	29.517153	375.829865	330.203735
 0.188684	-0.440451	-2.481820	-30	155	-64	-36	-12	226	-0.039347	0.341927	0.705589	29.517153	375.829865	330.203735
 0.158753	-0.389040	-2.467889	-66	-64	-316	-50	-10	227	-0.039347	0.341927	0.705589	29.517153	375.829865	330.121246
 0.158753	-0.389040	-2.467889	-66	-64	-316	-50	-10	227	-0.039347	0.341927	0.705589	29.517153	375.829865	330.121246
 0.129517	-0.322781	-2.442576	3	-714	-785	-56	-4	218	-0.039347	0.341927	0.705589	29.517153	375.829865	330.121246
 0.100588	-0.247396	-2.407609	-5	-1345	-1241	-65	-2	196	-0.039347	0.341927	0.705589	29.517441	375.561371	330.121246
 0.075657	-0.156088	-2.375238	36	-1	-282	-50	-21	204	-0.039347	0.341927	0.705589	29.517441	375.561371	330.252502
 0.069240	-0.130901	-2.382145	3	4	16	-28	-19	220	-0.065259	0.334320	0.727545	29.517441	375.561371	330.252502
 0.062097	-0.111319	-2.376907	12	-23	66	-18	-20	232	-0.065259	0.334320	0.727545	29.520542	372.661469	330.252502
 0.062097	-0.111319	-2.376907	12	-23	66	-18	-20	232	-0.065259	0.334320	0.727545	29.520542	372.661469	330.252502
 0.055068	-0.097308	-2.370946	-1	12	22	-15	-23	230	-0.065259	0.334320	0.727545	29.520542	372.661469	330.252502
 0.048658	-0.086842	-2.365460	-50	58	23	-9	-22	230	-0.065259	0.334320	0.727545	29.520542	372.661469	330.158752
 0.042890	-0.079588	-2.360045	-33	50	19	-10	-21	229	-0.065259	0.334320	0.727545	29.520542	372.661469	330.158752
 0.038541	-0.071265	-2.354466	19	-7	8	-14	-26	224	-0.065259	0.334320	0.727545	29.517975	375.062744	330.158752
 0.036297	-0.062677	-2.349334	0	-1	12	-38	-28	216	-0.065259	0.333474	0.716567	29.517975	375.062744	330.158752
 0.036297	-0.062677	-2.349334	0	-1	12	-38	-28	216	-0.065259	0.333474	0.716567	29.517975	375.062744	330.158752
 0.034892	-0.047060	-2.339668	-18	15	14	-23	-24	225	-0.065259	0.333474	0.716567	29.517975	375.062744	330.136261
 0.031907	-0.037712	-2.329144	-12	19	-27	-17	-24	227	-0.065259	0.333474	0.716567	29.517975	375.062744	330.136261
 0.028996	-0.032070	-2.315568	-13	38	-163	-16	-26	229	-0.065259	0.333474	0.716567	29.515163	377.691010	330.136261
 0.027454	-0.027257	-2.303137	-2	34	-130	-13	-25	228	-0.065259	0.333474	0.716567	29.515163	377.691010	330.136261
 0.025515	-0.024531	-2.289085	-6	50	-208	-13	-25	228	-0.065259	0.333474	0.716567	29.515163	377.691010	330.207489
 0.025515	-0.024531	-2.289085	-6	50	-208	-13	-25	228	-0.065259	0.333474	0.716567	29.515163	377.691010	330.207489
 0.023809	-0.021974	-2.276477	-6	47	-162	-6	-22	228	-0.054702	0.332629	0.705589	29.515163	377.691010	330.207489
 0.022324	-0.022246	-2.262269	45	39	-112	-11	-23	231	-0.054702	0.332629	0.705589	29.518040	375.001038	330.207489
 0.040964	-0.036690	-2.236267	872	669	-627	-13	-18	274	-0.054702	0.332629	0.705589	29.518040	375.001038	330.207489
 0.073878	-0.076160	-2.198116	1628	1672	-1216	-14	2	262	-0.054702	0.332629	0.705589	29.518040	375.001038	330.139984
 0.083094	-0.118578	-2.154305	1103	1930	-1499	-43	-5	265	-0.054702	0.332629	0.705589	29.518040	375.001038	330.139984
 0.083094	-0.118578	-2.154305	1103	1930	-1499	-43	-5	265	-0.054702	0.332629	0.705589	29.518040	375.001038	330.139984
 0.106843	-0.128588	-2.121136	1576	1065	-1033	-44	15	261	-0.054702	0.332629	0.705589	29.515646	377.239044	330.139984
 0.147393	-0.130608	-2.070275	2676	637	-1720	-47	28	258	0.000960	0.363060	0.659681	29.515646	377.239044	330.139984
 0.178138	-0.127715	-2.046157	2425	607	-721	-32	14	224	0.000960	0.363060	0.659681	29.515646	377.239044	330.196259
 0.166252	-0.121982	-2.028752	880	563	-457	-51	10	213	0.000960	0.363060	0.659681	29.515646	377.239044	330.196259
 0.172263	-0.105650	-2.002032	1424	242	-830	-82	62	204	0.000960	0.363060	0.659681	29.517225	375.763153	330.196259
 0.146227	-0.086974	-1.963379	1052	593	-1347	-46	62	218	0.000960	0.363060	0.659681	29.517225	375.763153	330.196259
 0.117836	-0.063904	-1.937809	754	-150	-770	-26	57	200	0.000960	0.363060	0.659681	29.517225	375.763153	330.203735
 0.087494	-0.027824	-1.933589	301	-1022	112	-48	42	196	0.140115	0.398563	0.534930	29.517225	375.763153	330.203735
 0.075408	0.007849	-1.921820	649	-817	234	-65	64	184	0.140115	0.398563	0.534930	29.517622	375.391266	330.203735
 0.075408	0.007849	-1.921820	649	-817	234	-65	64	184	0.140115	0.398563	0.534930	29.517622	375.391266	330.203735
 0.069712	0.038600	-1.914985	1170	-487	355	-75	78	179	0.140115	0.398563	0.534930	29.517622	375.391266	330.203735
 0.128290	0.135724	-1.920349	4101	-3079	1095	-44	92	219	0.140115	0.398563	0.534930	29.517622	375.391266	330.154999
 0.141701	0.200974	-1.931133	2756	-2498	1104	-31	98	208	0.140115	0.398563	0.534930	29.517622	375.391266	330.154999
 0.108310	0.234293	-1.949972	1206	-1577	1098	-1	87	197	0.140115	0.398563	0.534930	29.515776	377.118988	330.154999
 0.076671	0.254992	-1.972498	1115	-1647	1183	3	91	204	-0.005758	0.506762	0.482036	29.515776	377.118988	330.154999
 0.076671	0.254992	-1.972498	1115	-1647	1183	3	91	204	-0.005758	0.506762	0.482036	29.515776	377.118988	330.154999
 0.034129	0.246614	-1.982938	564	-721	527	4	101	194	-0.005758	0.506762	0.482036	29.515776	377.118988	330.173767
 -0.010497	0.225763	-1.980600	371	-200	3	26	96	185	-0.005758	0.506762	0.482036	29.515776	377.118988	330.173767
 -0.039652	0.202673	-1.981495	686	-301	242	22	112	185	-0.005758	0.506762	0.482036	29.516699	376.255127	330.173767
 -0.076521	0.181295	-1.982816	632	-334	243	22	112	181	-0.005758	0.506762	0.482036	29.516699	376.255127	330.173767
 -0.106896	0.166415	-1.985190	728	-520	332	21	131	197	-0.005758	0.506762	0.482036	29.516699	376.255127	330.184998
 -0.144306	0.151336	-1.983654	374	-382	213	21	130	189	-0.091171	0.565934	0.449102	29.516699	376.255127	330.184998
 -0.144306	0.151336	-1.983654	374	-382	213	21	130	189	-0.091171	0.565934	0.449102	29.516699	376.255127	330.184998
 -0.184478	0.130919	-1.985109	221	-170	138	20	132	183	-0.091171	0.565934	0.449102	29.517506	375.501343	330.184998
 -0.223061	0.110749	-1.983922	230	-115	77	23	135	183	-0.091171	0.565934	0.449102	29.517506	375.501343	330.184998
 -0.259997	0.089570	-1.980272	163	-31	39	30	139	184	-0.091171	0.565934	0.449102	29.517506	375.501343	330.184998
 -0.294400	0.066412	-1.974883	128	49	31	39	144	187	-0.091171	0.565934	0.449102	29.517506	375.501343	330.196259
 -0.326619	0.041935	-1.971687	70	59	171	39	147	191	-0.091171	0.565934	0.449102	29.520195	372.986633	330.196259
 -0.326619	0.041935	-1.971687	70	59	171	39	147	191	-0.091171	0.565934	0.449102	29.520195	372.986633	330.196259
 -0.360803	0.017010	-1.972176	-159	117	393	46	144	188	-0.114203	0.588757	0.440120	29.520195	372.986633	330.196259
 -0.397850	-0.011532	-1.979251	-402	132	628	41	136	190	-0.114203	0.588757	0.440120	29.520195	372.986633	330.196259
 -0.433493	-0.037876	-1.985046	-566	166	634	32	136	195	-0.114203	0.588757	0.440120	29.520195	372.986633	330.147491
 -0.466843	-0.056779	-1.983564	-643	210	358	19	135	202	-0.114203	0.588757	0.440120	29.516764	376.195068	330.147491
 -0.495793	-0.066580	-1.972029	-634	296	-54	11	138	203	-0.114203	0.588757	0.440120	29.516764	376.195068	330.147491
 -0.495793	-0.066580	-1.972029	-634	296	-54	11	138	203	-0.114203	0.588757	0.440120	29.516764	376.195068	330.147491
 -0.521027	-0.070135	-1.955632	-552	306	-285	40	112	213	-0.114203	0.588757	0.440120	29.516764	376.195068	330.147491
 -0.539733	-0.102450	-1.961790	-810	551	879	78	67	223	-0.129559	0.575232	0.451098	29.516764	376.195068	330.211243
 -0.544380	-0.169583	-2.008960	-1182	617	2748	71	79	223	-0.129559	0.575232	0.451098	29.518387	374.677521	330.211243
 -0.551193	-0.227962	-2.060734	-1311	501	2897	36	124	225	-0.129559	0.575232	0.451098	29.518387	374.677521	330.211243
 -0.588610	-0.247402	-2.088789	-1924	118	1698	18	142	234	-0.129559	0.575232	0.451098	29.518387	374.677521	330.211243
 -0.588610	-0.247402	-2.088789	-1924	118	1698	18	142	234	-0.129559	0.575232	0.451098	29.518387	374.677521	330.211243
 -0.625956	-0.252405	-2.087747	-1631	417	567	29	132	213	-0.129559	0.575232	0.451098	29.518387	374.677521	330.192505
 -0.658948	-0.256961	-2.064381	-1332	901	-182	40	86	191	-0.129559	0.575232	0.451098	29.518551	374.524109	330.192505
 -0.671945	-0.263832	-2.058661	-1230	464	180	47	44	188	-0.147793	0.491547	0.522954	29.518551	374.524109	330.192505
 -0.674509	-0.279594	-2.082731	-1469	-46	1089	36	31	187	-0.147793	0.491547	0.522954	29.518551	374.524109	330.192505
 -0.671975	-0.290442	-2.111210	-1380	-185	1179	24	49	199	-0.147793	0.491547	0.522954	29.518551	374.524109	330.177490
 -0.661187	-0.290643	-2.125066	-940	77	643	12	54	199	-0.147793	0.491547	0.522954	29.517824	375.202820	330.177490
 -0.661187	-0.290643	-2.125066	-940	77	643	12	54	199	-0.147793	0.491547	0.522954	29.517824	375.202820	330.177490
 -0.628452	-0.280914	-2.132675	115	30	346	17	52	209	-0.147793	0.491547	0.522954	29.517824	375.202820	330.177490
 -0.611124	-0.268179	-2.136726	-569	14	141	36	41	229	-0.147793	0.491547	0.522954	29.517824	375.202820	330.177490
 -0.599045	-0.269103	-2.143325	-982	188	347	39	25	218	-0.124760	0.407861	0.575848	29.517824	375.202820	330.181244
 -0.609194	-0.273960	-2.161978	-2229	23	708	52	16	226	-0.124760	0.407861	0.575848	29.515985	376.922180	330.181244
 -0.609194	-0.273960	-2.161978	-2229	23	708	52	16	226	-0.124760	0.407861	0.575848	29.515985	376.922180	330.181244
 -0.654554	-0.301309	-2.176611	-3769	690	977	50	9	225	-0.124760	0.407861	0.575848	29.515985	376.922180	330.181244
 -0.679239	-0.316698	-2.185303	-3109	568	481	49	-10	220	-0.124760	0.407861	0.575848	29.515985	376.922180	330.181244
 -0.678690	-0.339195	-2.197070	-2473	797	648	45	-32	193	-0.124760	0.407861	0.575848	29.515985	376.922180	330.181244
 -0.702333	-0.403865	-2.212867	-3083	1901	1913	20	-56	209	-0.124760	0.407861	0.575848	29.517586	375.426300	330.181244
 -0.692779	-0.495612	-2.252118	-2859	2837	3288	-13	-59	215	-0.027831	0.191462	0.653693	29.517586	375.426300	330.181244
 -0.663584	-0.553869	-2.291948	-2212	2592	2570	-16	-51	234	-0.027831	0.191462	0.653693	29.517586	375.426300	330.181244
 -0.595963	-0.547577	-2.331640	-651	995	1012	-37	-67	231	-0.027831	0.191462	0.653693	29.517586	375.426300	330.196259
 -0.522820	-0.501078	-2.374254	-437	-220	379	-23	-93	240	-0.027831	0.191462	0.653693	29.517405	375.594727	330.196259
 -0.461200	-0.469343	-2.423673	-925	-253	910	-18	-109	233	-0.027831	0.191462	0.653693	29.517405	375.594727	330.196259
 -0.402643	-0.439638	-2.473688	-1090	-289	1044	-30	-107	214	-0.027831	0.191462	0.653693	29.517405	375.594727	330.196259
 -0.402643	-0.439638	-2.473688	-1090	-289	1044	-30	-107	214	-0.027831	0.191462	0.653693	29.517405	375.594727	330.196259
 -0.328609	-0.412129	-2.535012	-731	-56	1705	-33	-108	189	0.103647	0.130600	0.620758	29.517405	375.594727	330.154999
 -0.266698	-0.411403	-2.584400	-363	775	1852	-27	-109	151	0.103647	0.130600	0.620758	29.517031	375.944916	330.154999
 -0.218370	-0.406312	-2.620127	82	173	1474	-26	-111	171	0.103647	0.130600	0.620758	29.517031	375.944916	330.154999
 -0.153101	-0.368318	-2.665191	385	-839	1562	-35	-120	183	0.103647	0.130600	0.620758	29.517031	375.944916	330.154999
 -0.153101	-0.368318	-2.665191	385	-839	1562	-35	-120	183	0.103647	0.130600	0.620758	29.517031	375.944916	330.154999
 -0.083666	-0.328469	-2.712446	353	-532	1776	-52	-115	216	0.103647	0.130600	0.620758	29.517031	375.944916	330.151245
 -0.014349	-0.291038	-2.771234	285	187	2453	-53	-101	230	0.103647	0.130600	0.620758	29.514875	377.959534	330.151245
 0.064786	-0.239316	-2.850083	1132	-300	3565	-48	-105	220	0.095010	0.158495	0.625749	29.514875	377.959534	330.151245
 0.141323	-0.159788	-2.917451	1524	-1354	3371	-63	-104	210	0.095010	0.158495	0.625749	29.514875	377.959534	330.151245
 0.202595	-0.082246	-2.966808	1457	-1155	2918	-72	-68	208	0.095010	0.158495	0.625749	29.514875	377.959534	330.263733
 0.202595	-0.082246	-2.966808	1457	-1155	2918	-72	-68	208	0.095010	0.158495	0.625749	29.514875	377.959534	330.263733
 0.246635	-0.006330	-3.008341	1768	-1211	2859	-101	-38	225	0.095010	0.158495	0.625749	29.520412	372.783173	330.263733
 0.295706	0.064178	-3.030956	2752	-968	2113	-126	-20	235	0.095010	0.158495	0.625749	29.520470	372.729828	330.263733
 0.364199	0.084357	-3.047202	3894	895	1244	-105	-11	236	0.095010	0.158495	0.625749	29.520470	372.729828	330.263733
 0.437203	0.083004	-3.064924	4504	1569	939	-100	11	206	-0.087332	0.303043	0.597804	29.520470	372.729828	330.248749
 0.483334	0.107374	-3.076900	4070	719	1009	-68	15	153	-0.087332	0.303043	0.597804	29.520470	372.729828	330.248749
 0.483334	0.107374	-3.076900	4070	719	1009	-68	15	153	-0.087332	0.303043	0.597804	29.520470	372.729828	330.248749
 0.570150	0.118581	-3.086287	4682	530	1052	-109	60	163	-0.087332	0.303043	0.597804	29.519806	373.350128	330.248749
 0.632671	0.137965	-3.089128	4920	709	450	-54	51	176	-0.087332	0.303043	0.597804	29.519806	373.350128	330.248749
 0.673794	0.173884	-3.086107	3912	-608	1067	-74	124	233	-0.087332	0.303043	0.597804	29.519806	373.350128	330.256256
 0.689762	0.236894	-3.066359	3367	-1893	1037	-78	143	244	-0.087332	0.303043	0.597804	29.519806	373.350128	330.256256
 0.689762	0.236894	-3.066359	3367	-1893	1037	-78	143	244	-0.087332	0.303043	0.597804	29.519806	373.350128	330.256256
 0.690452	0.296297	-3.049341	2239	-1834	1058	-56	151	207	-0.073896	0.628487	0.333333	29.520267	372.918243	330.256256
 0.644308	0.345344	-3.046612	1419	-1422	944	-67	140	191	-0.073896	0.628487	0.333333	29.520267	372.918243	330.256256
 0.558921	0.371547	-3.085732	723	78	1358	34	121	147	-0.073896	0.628487	0.333333	29.520267	372.918243	330.218750
 0.473687	0.357653	-3.125790	50	429	1369	-96	175	174	-0.073896	0.628487	0.333333	29.520267	372.918243	330.218750
 0.381025	0.373649	3.133021	-246	231	643	-46	177	152	-0.073896	0.628487	0.333333	29.517630	375.384583	330.218750
 0.284502	0.374543	3.107184	176	139	455	-56	188	144	-0.073896	0.628487	0.333333	29.517630	375.384583	330.218750
 0.284502	0.374543	3.107184	176	139	455	-56	188	144	-0.073896	0.628487	0.333333	29.517630	375.384583	330.218750
 0.187946	0.379927	3.086584	-63	-48	339	-41	180	154	-0.210173	0.642012	0.300399	29.517630	375.384583	330.203735
 0.090070	0.372711	3.070582	-346	52	246	-38	188	143	-0.210173	0.642012	0.300399	29.517630	375.384583	330.203735
 -0.182995	0.355719	3.056650	-727	-378	-52	-40	180	157	-0.210173	0.642012	0.300399	29.517536	375.472992	330.286255
 -0.182995	0.355719	3.056650	-727	-378	-52	-40	180	157	-0.210173	0.642012	0.300399	29.517536	375.472992	330.286255
 -0.259189	0.351513	3.061028	-667	-387	-194	-31	171	164	-0.210173	0.642012	0.300399	29.517536	375.472992	330.286255
 -0.322179	0.339856	3.063607	-412	-345	-8	-15	165	172	-0.230326	0.624260	0.328343	29.521904	371.387512	330.286255
 -0.380916	0.315673	3.071696	-628	-51	-8	-31	174	160	-0.230326	0.624260	0.328343	29.521904	371.387512	330.286255
 -0.436209	0.301229	3.084466	-554	-94	-186	-8	166	168	-0.230326	0.624260	0.328343	29.521904	371.387512	330.274994
 -0.484964	0.281567	3.089587	-518	-377	145	-25	166	178	-0.230326	0.624260	0.328343	29.521904	371.387512	330.274994
 -0.484964	0.281567	3.089587	-518	-377	145	-25	166	178	-0.230326	0.624260	0.328343	29.521904	371.387512	330.274994
 -0.524042	0.262664	3.098874	-476	-114	212	-30	167	174	-0.230326	0.624260	0.328343	29.522243	371.070709	330.274994
 -0.559802	0.247876	3.117799	-528	14	-108	-17	155	174	-0.230326	0.624260	0.328343	29.522243	371.070709	330.274994
 -0.588582	0.223116	3.139140	-471	229	-8	-29	164	180	-0.238004	0.608199	0.377246	29.522243	371.070709	330.274994
 -0.611884	0.204990	-3.116720	-409	369	-178	-30	155	184	-0.238004	0.608199	0.377246	29.522243	371.070709	330.274994
 -0.635302	0.191693	-3.086200	-642	317	-311	-26	155	176	-0.238004	0.608199	0.377246	29.520773	372.446350	330.274994
 -0.635302	0.191693	-3.086200	-642	317	-311	-26	155	176	-0.238004	0.608199	0.377246	29.520773	372.446350	330.274994
 -0.659738	0.185143	-3.059293	-667	1	-367	-28	152	179	-0.238004	0.608199	0.377246	29.520773	372.446350	330.274994
 -0.678864	0.177110	-3.028690	-629	174	-401	-29	150	181	-0.238004	0.608199	0.377246	29.520773	372.446350	330.218750
 -0.695606	0.171343	-2.995776	-663	195	-494	-30	147	183	-0.238004	0.608199	0.377246	29.520773	372.446350	330.218750
 -0.706861	0.169289	-2.963232	-556	94	-554	-34	140	186	-0.219770	0.579459	0.395210	29.517492	375.513000	330.218750
 -0.716705	0.169955	-2.931261	-650	42	-559	-41	138	187	-0.219770	0.579459	0.395210	29.517492	375.513000	330.218750
 -0.716705	0.169955	-2.931261	-650	42	-559	-41	138	187	-0.219770	0.579459	0.395210	29.517492	375.513000	330.218750
 -0.728213	0.170890	-2.898751	-794	133	-517	-40	134	189	-0.219770	0.579459	0.395210	29.517492	375.513000	330.274994
 -0.737423	0.172008	-2.863852	-830	181	-603	-39	128	194	-0.219770	0.579459	0.395210	29.517492	375.513000	330.274994
 -0.741365	0.172851	-2.830847	-751	120	-548	-40	115	190	-0.219770	0.579459	0.395210	29.520636	372.574738	330.274994
 -0.744417	0.176977	-2.799726	-884	-23	-559	-54	115	196	-0.219770	0.579459	0.395210	29.520636	372.574738	330.274994
 -0.749202	0.185768	-2.766979	-1010	33	-610	-54	111	198	-0.158349	0.537194	0.442116	29.520636	372.574738	330.244995
 -0.749202	0.185768	-2.766979	-1010	33	-610	-54	111	198	-0.158349	0.537194	0.442116	29.520636	372.574738	330.244995
 -0.760530	0.192396	-2.732901	-1369	87	-566	-55	99	207	-0.158349	0.537194	0.442116	29.520636	372.574738	330.244995
 -0.768872	0.197457	-2.698167	-1501	129	-520	-51	94	211	-0.158349	0.537194	0.442116	29.519165	373.948792	330.244995
 -0.780433	0.200771	-2.665396	-1738	74	-455	-52	82	211	-0.158349	0.537194	0.442116	29.519165	373.948792	330.244995
 -0.780530	0.201444	-2.636026	-1466	45	-254	-95	49	231	-0.158349	0.537194	0.442116	29.519165	373.948792	330.252502
 -0.761491	0.182409	-2.627006	-791	440	1329	-62	65	237	-0.158349	0.537194	0.442116	29.519165	373.948792	330.252502
 -0.761491	0.182409	-2.627006	-791	440	1329	-62	65	237	-0.158349	0.537194	0.442116	29.519165	373.948792	330.252502
 -0.750376	0.157884	-2.608099	-1005	653	855	-39	73	221	-0.130518	0.451817	0.518962	29.521637	371.637634	330.252502
 -0.770207	0.162427	-2.570132	-2370	189	-658	-64	54	231	-0.130518	0.451817	0.518962	29.521637	371.637634	330.252502
 -0.818903	0.181975	-2.530148	-3863	104	-846	-67	16	229	-0.130518	0.451817	0.518962	29.521637	371.637634	330.196259
 -0.894371	0.205491	-2.497369	-5615	-184	-593	-75	-16	208	-0.130518	0.451817	0.518962	29.521637	371.637634	330.196259
 -0.990996	0.243310	-2.479709	-6616	-905	-514	-88	-25	207	-0.130518	0.451817	0.518962	29.517340	375.656433	330.196259
 -0.990996	0.243310	-2.479709	-6616	-905	-514	-88	-25	207	-0.130518	0.451817	0.518962	29.517340	375.656433	330.196259
 -1.054706	0.295836	-2.470478	-5484	-1528	-710	-68	-49	210	-0.130518	0.451817	0.518962	29.517340	375.656433	330.196259
 -1.098707	0.346496	-2.460858	-4920	-1784	-871	-57	-71	220	-0.186180	0.067202	0.620758	29.517340	375.656433	330.252502
 -1.091434	0.383554	-2.450369	-3343	-1861	-397	-38	-94	229	-0.186180	0.067202	0.620758	29.517340	375.656433	330.252502
 -1.057071	0.380422	-2.433950	-2184	-1095	774	-20	-114	224	-0.186180	0.067202	0.620758	29.519056	374.050507	330.252502
 -1.001260	0.366474	-2.405258	-1537	-529	775	-10	-126	193	-0.186180	0.067202	0.620758	29.519056	374.050507	330.252502
 -0.953781	0.361927	-2.374274	-1649	-514	287	-13	-135	177	-0.186180	0.067202	0.620758	29.519056	374.050507	330.233765
 -0.930179	0.370021	-2.344334	-2221	-627	-111	-17	-157	161	-0.186180	0.067202	0.620758	29.519056	374.050507	330.233765
 -0.930179	0.370021	-2.344334	-2221	-627	-111	-17	-157	161	-0.186180	0.067202	0.620758	29.519056	374.050507	330.233765
 -0.898729	0.386689	-2.310677	-1919	-635	-350	-15	-171	158	-0.227447	-0.024937	0.589820	29.517853	375.176147	330.233765
 -0.837969	0.388382	-2.269534	-1067	-157	27	-20	-177	154	-0.227447	-0.024937	0.589820	29.517853	375.176147	330.233765
 -0.762809	0.386564	-2.228468	-519	-36	150	-19	-180	149	-0.227447	-0.024937	0.589820	29.517853	375.176147	330.218750
 -0.677085	0.383138	-2.189229	13	-29	143	-14	-185	153	-0.227447	-0.024937	0.589820	29.517853	375.176147	330.218750
 -0.677085	0.383138	-2.189229	13	-29	143	-14	-185	153	-0.227447	-0.024937	0.589820	29.517853	375.176147	330.218750
 -0.582697	0.374090	-2.147919	100	42	141	-12	-182	149	-0.227447	-0.024937	0.589820	29.519093	374.017151	330.218750
 -0.505522	0.365288	-2.111450	-285	-49	94	-15	-180	150	-0.227447	-0.024937	0.589820	29.519093	374.017151	330.218750
 -0.437723	0.358477	-2.076265	-566	-131	2	-17	-184	154	-0.257198	-0.111158	0.543912	29.519093	374.017151	330.248749
 -0.357491	0.348976	-2.041785	-243	-62	-48	-16	-185	147	-0.257198	-0.111158	0.543912	29.519093	374.017151	330.248749
 -0.278300	0.337547	-2.010808	5	-9	-44	-17	-189	142	-0.257198	-0.111158	0.543912	29.521587	371.684326	330.248749
 -0.278300	0.337547	-2.010808	5	-9	-44	-17	-189	142	-0.257198	-0.111158	0.543912	29.521587	371.684326	330.248749
 -0.203414	0.326527	-1.982150	-43	-36	-58	-14	-187	138	-0.257198	-0.111158	0.543912	29.521587	371.684326	330.248749
 -0.140983	0.315512	-1.956002	-268	-76	-109	-15	-189	145	-0.257198	-0.111158	0.543912	29.521587	371.684326	330.248749
 -0.074625	0.301562	-1.930283	-186	-43	-114	-9	-190	141	-0.257198	-0.111158	0.543912	29.521587	371.684326	330.278748
 -0.015858	0.288424	-1.906676	-302	-151	-149	-8	-189	143	-0.268714	-0.127219	0.533932	29.521032	372.202911	330.278748
 0.043613	0.275324	-1.906705	-147	-147	-166	-7	-189	146	-0.268714	-0.127219	0.533932	29.521032	372.202911	330.278748
 0.102366	0.259972	-1.909184	-52	-107	-128	-3	-198	144	-0.268714	-0.127219	0.533932	29.521032	372.202911	330.278748
 0.167484	0.240679	-1.913687	153	-23	-78	-3	-200	141	-0.268714	-0.127219	0.533932	29.521032	372.202911	330.184998
 0.226124	0.223520	-1.922181	84	-69	4	-3	-198	138	-0.268714	-0.127219	0.533932	29.517635	375.379608	330.184998
 0.280144	0.208544	-1.932813	161	-105	4	-5	-193	145	-0.268714	-0.127219	0.533932	29.517635	375.379608	330.184998
 0.280144	0.208544	-1.932813	161	-105	4	-5	-193	145	-0.268714	-0.127219	0.533932	29.517635	375.379608	330.184998
 0.330192	0.191354	-1.946002	250	12	-7	-3	-195	146	-0.284069	-0.130600	0.523952	29.517635	375.379608	330.184998
 0.374911	0.174247	-1.957006	139	-23	-35	-1	-195	138	-0.284069	-0.130600	0.523952	29.517635	375.379608	330.181244
 0.401687	0.157787	-1.968002	-423	-22	-100	0	-192	143	-0.284069	-0.130600	0.523952	29.516136	376.780426	330.181244
 0.425693	0.140577	-1.979794	-399	7	-135	-4	-190	149	-0.284069	-0.130600	0.523952	29.516136	376.780426	330.181244
 0.455467	0.124022	-1.993430	-42	72	-137	-4	-190	144	-0.284069	-0.130600	0.523952	29.516136	376.780426	330.181244
 0.455467	0.124022	-1.993430	-42	72	-137	-4	-190	144	-0.284069	-0.130600	0.523952	29.516136	376.780426	330.181244
 0.486928	0.109215	-2.008103	136	74	-141	-4	-194	138	-0.284069	-0.130600	0.523952	29.516136	376.780426	330.237488
 0.513549	0.095802	-2.023008	-35	57	-155	-3	-196	136	-0.292706	-0.134827	0.568862	29.516779	376.180054	330.237488
 0.537524	0.083536	-2.038483	-93	39	-136	-1	-202	142	-0.292706	-0.134827	0.568862	29.516779	376.180054	330.237488
 0.557411	0.071539	-2.054906	-283	6	-95	1	-200	145	-0.292706	-0.134827	0.568862	29.516779	376.180054	330.237488
 0.577259	0.059320	-2.073366	-163	47	-59	0	-197	151	-0.292706	-0.134827	0.568862	29.516779	376.180054	330.263733
 0.577259	0.059320	-2.073366	-163	47	-59	0	-197	151	-0.292706	-0.134827	0.568862	29.516779	376.180054	330.263733
 0.625915	0.051419	-2.099116	1185	116	211	-11	-182	170	-0.292706	-0.134827	0.568862	29.517441	375.561371	330.263733
 0.702337	0.051148	-2.136743	2902	344	599	-15	-173	164	-0.292706	-0.134827	0.568862	29.517441	375.561371	330.263733
 0.810748	0.073172	-2.173932	4610	-205	1068	21	-153	143	-0.298464	-0.136517	0.552894	29.517441	375.561371	330.263733
 0.956918	0.092568	-2.209642	6443	-316	1204	23	-147	125	-0.298464	-0.136517	0.552894	29.517441	375.561371	330.222504
 1.106182	0.090798	-2.275413	6763	1444	966	-31	-121	183	-0.298464	-0.136517	0.552894	29.519020	374.083862	330.222504
 1.196442	0.087338	-2.350899	5794	1989	458	-40	-74	238	-0.298464	-0.136517	0.552894	29.519020	374.083862	330.222504
 1.196442	0.087338	-2.350899	5794	1989	458	-40	-74	238	-0.298464	-0.136517	0.552894	29.519020	374.083862	330.222504
 1.201863	0.085904	-2.396950	3506	720	-39	-47	-65	251	-0.298464	-0.136517	0.552894	29.519020	374.083862	330.222504
 1.183087	0.091786	-2.422158	2308	-163	-109	-35	-44	230	-0.298464	-0.136517	0.552894	29.519020	374.083862	330.244995
 1.099790	0.103039	-2.441793	183	-586	92	-41	-38	214	-0.214012	0.296281	0.632735	29.518322	374.737549	330.244995
 1.019605	0.104564	-2.474850	-185	153	-32	-45	-22	217	-0.214012	0.296281	0.632735	29.518322	374.737549	330.244995
 1.019605	0.104564	-2.474850	-185	153	-32	-45	-22	217	-0.214012	0.296281	0.632735	29.518322	374.737549	330.244995
 0.946032	0.103327	-2.500168	137	-25	-367	-36	-12	218	-0.214012	0.296281	0.632735	29.518322	374.737549	330.244995
 0.890177	0.106237	-2.511932	765	-608	-474	-33	0	228	-0.214012	0.296281	0.632735	29.518322	374.737549	330.244995
 0.829989	0.110600	-2.525234	888	-645	-401	-39	0	230	-0.214012	0.296281	0.632735	29.518162	374.887634	330.244995
 0.759698	0.115863	-2.546251	321	-390	-225	-34	-7	238	-0.214012	0.296281	0.632735	29.518162	374.887634	330.244995
 0.759698	0.115863	-2.546251	321	-390	-225	-34	-7	238	-0.214012	0.296281	0.632735	29.518162	374.887634	330.244995
 0.680006	0.119671	-2.570725	-397	-331	-71	-24	-4	245	-0.250480	0.339391	0.621756	29.518162	374.887634	330.244995
 0.601248	0.119128	-2.594993	-641	-323	-92	-22	-1	254	-0.250480	0.339391	0.621756	29.518162	374.887634	330.252502
 0.532433	0.126043	-2.624775	-522	-463	296	-10	5	240	-0.250480	0.339391	0.621756	29.518206	374.845947	330.252502
 0.471044	0.135822	-2.638665	-248	-1067	-162	-19	5	242	-0.250480	0.339391	0.621756	29.518206	374.845947	330.252502
 0.423561	0.164939	-2.646188	60	-1790	-147	-10	-8	233	-0.250480	0.339391	0.621756	29.518206	374.845947	330.252502
 0.368584	0.188689	-2.660649	-445	-1742	42	-12	-8	214	-0.250480	0.339391	0.621756	29.518206	374.845947	330.248749
 0.368584	0.188689	-2.660649	-445	-1742	42	-12	-8	214	-0.250480	0.339391	0.621756	29.518206	374.845947	330.248749
 0.318610	0.190035	-2.685504	-589	-708	69	-6	26	221	-0.351248	0.283601	0.597804	29.518206	374.845947	330.248749
 0.278583	0.171434	-2.704530	405	45	179	8	27	248	-0.351248	0.283601	0.597804	29.518206	374.845947	330.248749
 0.274148	0.187091	-2.706280	1396	-1512	1	7	25	249	-0.351248	0.283601	0.597804	29.518206	374.845947	330.248749
 0.279439	0.210738	-2.709771	1761	-1847	150	8	15	218	-0.351248	0.283601	0.597804	29.518206	374.845947	330.252502
 0.262132	0.219492	-2.719327	911	-1379	232	37	13	189	-0.351248	0.283601	0.597804	29.518206	374.845947	330.252502
 0.262132	0.219492	-2.719327	911	-1379	232	37	13	189	-0.351248	0.283601	0.597804	29.518206	374.845947	330.252502
 0.246981	0.228911	-2.740833	634	-1362	801	36	11	226	-0.351248	0.283601	0.597804	29.517464	375.539673	330.252502
 0.194164	0.218379	-2.764633	-532	-1042	731	54	3	239	-0.444338	0.342773	0.518962	29.517464	375.539673	330.252502
 0.145637	0.211245	-2.773143	-831	-1279	584	58	-2	242	-0.444338	0.342773	0.518962	29.517464	375.539673	330.222504
 0.110821	0.201317	-2.779465	-544	-1191	488	71	-2	232	-0.444338	0.342773	0.518962	29.517464	375.539673	330.222504
 0.091401	0.182021	-2.782917	-37	-1051	349	72	-1	224	-0.444338	0.342773	0.518962	29.514103	378.683350	330.222504
 0.091401	0.182021	-2.782917	-37	-1051	349	72	-1	224	-0.444338	0.342773	0.518962	29.514103	378.683350	330.222504
 0.073142	0.166320	-2.783318	-39	-1261	245	70	1	207	-0.444338	0.342773	0.518962	29.514103	378.683350	330.222504
 0.047678	0.150992	-2.782320	-381	-1215	182	76	-10	197	-0.444338	0.342773	0.518962	29.514103	378.683350	330.260010
 -0.011638	0.114509	-2.779586	-937	-1053	197	98	-11	200	-0.487524	0.325021	0.511976	29.518019	375.021057	330.260010
 -0.033368	0.083951	-2.775537	-726	-912	89	111	-11	204	-0.487524	0.325021	0.511976	29.518019	375.021057	330.260010
 -0.033368	0.083951	-2.775537	-726	-912	89	111	-11	204	-0.487524	0.325021	0.511976	29.518019	375.021057	330.260010
 -0.046935	0.045070	-2.769559	-480	-621	6	115	-9	185	-0.487524	0.325021	0.511976	29.518019	375.021057	330.252502
 -0.059128	0.010057	-2.762883	-431	-662	-37	114	-16	194	-0.487524	0.325021	0.511976	29.518019	375.021057	330.252502
 -0.075137	-0.014944	-2.754061	-750	-1053	-159	120	-16	188	-0.487524	0.325021	0.511976	29.518942	374.157227	330.252502
 -0.086107	-0.036417	-2.745305	-590	-1171	-197	127	-26	181	-0.557582	0.283601	0.474052	29.518942	374.157227	330.252502
 -0.091998	-0.076062	-2.746636	-581	-461	124	131	-32	188	-0.557582	0.283601	0.474052	29.518942	374.157227	330.282501
 -0.091998	-0.076062	-2.746636	-581	-461	124	131	-32	188	-0.557582	0.283601	0.474052	29.518942	374.157227	330.282501
 -0.093070	-0.123263	-2.750809	-538	-130	241	137	-33	185	-0.557582	0.283601	0.474052	29.518942	374.157227	330.282501
 -0.087893	-0.158200	-2.752960	-290	-538	94	132	-24	189	-0.557582	0.283601	0.474052	29.519222	373.895416	330.282501
 -0.084749	-0.176113	-2.747134	-167	-986	-255	131	-22	179	-0.557582	0.283601	0.474052	29.519222	373.895416	330.282501
 -0.086096	-0.184422	-2.739303	-277	-1302	-360	135	-23	167	-0.557582	0.283601	0.474052	29.519222	373.895416	330.226257
 -0.088922	-0.212306	-2.738131	-373	-492	-29	143	-25	165	-0.618042	0.259087	0.421158	29.519222	373.895416	330.226257
 -0.088922	-0.212306	-2.738131	-373	-492	-29	143	-25	165	-0.618042	0.259087	0.421158	29.519222	373.895416	330.226257
 -0.086389	-0.255010	-2.742522	-231	24	116	152	-34	170	-0.618042	0.259087	0.421158	29.518040	375.001038	330.226257
 -0.078993	-0.299944	-2.747731	-208	30	91	160	-40	173	-0.618042	0.259087	0.421158	29.518040	375.001038	330.226257
 -0.066261	-0.341058	-2.752506	-29	40	39	155	-34	172	-0.618042	0.259087	0.421158	29.518040	375.001038	330.237488
 -0.055901	-0.378532	-2.755854	3	65	8	146	-25	172	-0.618042	0.259087	0.421158	29.518040	375.001038	330.237488
 -0.051274	-0.410216	-2.757390	-46	86	-6	140	-27	165	-0.618042	0.259087	0.421158	29.518688	374.395691	330.237488
 -0.051274	-0.410216	-2.757390	-46	86	-6	140	-27	165	-0.618042	0.259087	0.421158	29.518688	374.395691	330.237488
 -0.048433	-0.434555	-2.760373	-139	23	41	141	-28	167	-0.623800	0.250634	0.429142	29.518688	374.395691	330.237488
 -0.047613	-0.458888	-2.766216	-267	89	96	145	-33	168	-0.623800	0.250634	0.429142	29.518688	374.395691	330.248749
 -0.042127	-0.487126	-2.770317	-122	270	-1	156	-42	166	-0.623800	0.250634	0.429142	29.518688	374.395691	330.248749
 -0.019695	-0.550501	-2.780914	-14	508	-65	143	-36	170	-0.623800	0.250634	0.429142	29.517723	375.297882	330.248749
 -0.010681	-0.576517	-2.782484	106	577	-94	139	-32	169	-0.623800	0.250634	0.429142	29.517723	375.297882	330.263733
 -0.010681	-0.576517	-2.782484	106	577	-94	139	-32	169	-0.623800	0.250634	0.429142	29.517723	375.297882	330.263733
 -0.004323	-0.599411	-2.783854	84	604	-58	137	-33	172	-0.608445	0.247253	0.455090	29.517723	375.297882	330.263733
 0.001275	-0.622895	-2.789763	-39	765	66	138	-37	176	-0.608445	0.247253	0.455090	29.520016	373.153381	330.263733
 0.009048	-0.645184	-2.799030	-79	831	138	139	-40	177	-0.608445	0.247253	0.455090	29.520016	373.153381	330.263733
 0.017980	-0.668673	-2.811484	-141	972	213	136	-42	179	-0.608445	0.247253	0.455090	29.520016	373.153381	330.241241
 0.017980	-0.668673	-2.811484	-141	972	213	136	-42	179	-0.608445	0.247253	0.455090	29.520016	373.153381	330.241241
 0.033709	-0.705365	-2.826670	50	1675	262	118	-24	152	-0.608445	0.247253	0.455090	29.520016	373.153381	330.241241
 0.075629	-0.756904	-2.827441	1758	2265	-49	99	-23	135	-0.608445	0.247253	0.455090	29.516562	376.383514	330.241241
 0.129202	-0.820870	-2.842833	1844	2872	243	78	-24	199	-0.579655	0.237954	0.490020	29.516562	376.383514	330.241241
 0.133309	-0.866619	-2.858444	-14	3430	237	59	-27	228	-0.579655	0.237954	0.490020	29.516562	376.383514	330.260010
 0.115990	-0.907211	-2.864172	-595	3891	-54	65	-22	220	-0.579655	0.237954	0.490020	29.516562	376.383514	330.260010
 0.115990	-0.907211	-2.864172	-595	3891	-54	65	-22	220	-0.579655	0.237954	0.490020	29.516562	376.383514	330.260010
 0.119911	-0.951085	-2.884652	-221	4170	348	35	-15	237	-0.579655	0.237954	0.490020	29.520613	372.594757	330.260010
 0.120395	-0.988469	-2.892329	96	4280	114	11	-21	238	-0.579655	0.237954	0.490020	29.520613	372.594757	330.260010
 0.117443	-1.013012	-2.886834	346	4092	-207	-7	-15	233	-0.579655	0.237954	0.490020	29.520613	372.594757	330.256256
 0.117510	-1.020755	-2.887410	303	3728	68	-19	-12	229	-0.310941	0.253170	0.655689	29.520613	372.594757	330.256256
 0.103911	-0.998069	-2.878431	113	2640	29	-32	-10	234	-0.310941	0.253170	0.655689	29.520159	373.019958	330.256256
 0.103911	-0.998069	-2.878431	113	2640	29	-32	-10	234	-0.310941	0.253170	0.655689	29.520159	373.019958	330.256256
 0.075344	-0.951503	-2.852315	65	1598	-305	-50	-6	225	-0.310941	0.253170	0.655689	29.520159	373.019958	330.256256
 0.046470	-0.872865	-2.823084	126	441	-383	-61	-4	210	-0.310941	0.253170	0.655689	29.520159	373.019958	330.278748
 0.020617	-0.780371	-2.796746	54	-661	-472	-60	-12	205	-0.310941	0.253170	0.655689	29.520159	373.019958	330.278748
 -0.011383	-0.691539	-2.768146	-320	-862	-833	-63	-9	217	-0.310941	0.253170	0.655689	29.520348	372.843201	330.278748
 -0.011383	-0.691539	-2.768146	-320	-862	-833	-63	-9	217	-0.310941	0.253170	0.655689	29.520348	372.843201	330.278748
 -0.032306	-0.604003	-2.754852	-328	-513	-463	-76	-22	244	-0.182342	0.257396	0.728543	29.520348	372.843201	330.278748
 -0.034389	-0.523768	-2.751456	-114	-523	-191	-71	-22	249	-0.182342	0.257396	0.728543	29.520348	372.843201	330.226257
 -0.032119	-0.447675	-2.751368	-14	-679	-70	-62	-19	234	-0.182342	0.257396	0.728543	29.520348	372.843201	330.226257
 -0.032996	-0.368496	-2.743757	4	-858	-339	-55	-22	209	-0.182342	0.257396	0.728543	29.517435	375.566376	330.226257
 -0.034386	-0.292882	-2.728644	21	-1257	-667	-50	-26	210	-0.182342	0.257396	0.728543	29.517435	375.566376	330.226257
 -0.027610	-0.221342	-2.714432	243	-1385	-660	-30	-21	220	-0.182342	0.257396	0.728543	29.517435	375.566376	330.248749
 -0.027610	-0.221342	-2.714432	243	-1385	-660	-30	-21	220	-0.182342	0.257396	0.728543	29.517435	375.566376	330.248749
 -0.024369	-0.155534	-2.702084	134	-1560	-574	-13	-28	178	-0.317658	0.247253	0.702595	29.517435	375.566376	330.248749
 -0.018206	-0.129208	-2.691750	194	-736	-375	-59	-15	218	-0.317658	0.247253	0.702595	29.517982	375.054413	330.248749
 -0.021192	-0.098293	-2.691262	-81	-23	50	-44	-19	236	-0.317658	0.247253	0.702595	29.517982	375.054413	330.248749
 -0.018960	-0.072806	-2.693710	47	-161	161	-35	-19	212	-0.317658	0.247253	0.702595	29.517982	375.054413	330.286255
 -0.016257	-0.054388	-2.692701	94	-155	25	-31	-14	219	-0.317658	0.247253	0.702595	29.517982	375.054413	330.286255
 -0.014958	-0.037913	-2.690229	123	-161	-31	-23	-18	225	-0.317658	0.247253	0.702595	29.520288	372.898254	330.286255
 -0.014958	-0.037913	-2.690229	123	-161	-31	-23	-18	225	-0.317658	0.247253	0.702595	29.520288	372.898254	330.286255
 -0.014345	-0.028360	-2.683182	43	-41	-222	-14	-18	223	-0.341651	0.248098	0.706587	29.520288	372.898254	330.286255
 -0.015974	-0.027405	-2.666528	-37	130	-532	-9	-21	223	-0.341651	0.248098	0.706587	29.520288	372.898254	330.218750
 -0.016829	-0.028313	-2.657805	-67	119	-225	-4	-15	228	-0.341651	0.248098	0.706587	29.520288	372.898254	330.218750
 -0.021614	-0.032079	-2.653647	-141	161	-43	-2	-15	230	-0.341651	0.248098	0.706587	29.517197	375.789825	330.218750
 -0.021614	-0.032079	-2.653647	-141	161	-43	-2	-15	230	-0.341651	0.248098	0.706587	29.517197	375.789825	330.218750
 -0.025255	-0.033818	-2.652844	-120	59	88	-9	-16	232	-0.341651	0.248098	0.706587	29.517197	375.789825	330.218750
 -0.024121	-0.029177	-2.653930	41	-85	160	-9	-19	224	-0.341651	0.248098	0.706587	29.517197	375.789825	330.218750
 -0.023018	-0.026675	-2.651798	4	-17	30	-23	-20	227	-0.344530	0.248943	0.691617	29.517197	375.789825	330.256256
 -0.020028	-0.017008	-2.646897	68	-87	-70	-29	-19	216	-0.344530	0.248943	0.691617	29.519814	373.343475	330.256256
 -0.016446	-0.004899	-2.637022	127	-159	-278	-18	-23	220	-0.344530	0.248943	0.691617	29.519814	373.343475	330.256256
 -0.004353	0.012841	-2.621496	417	-597	-522	-35	-19	215	-0.344530	0.248943	0.691617	29.519814	373.343475	330.256256
 -0.004353	0.012841	-2.621496	417	-597	-522	-35	-19	215	-0.344530	0.248943	0.691617	29.519814	373.343475	330.256256
 -0.006356	0.016645	-2.619970	-44	157	42	-19	-9	243	-0.344530	0.248943	0.691617	29.519814	373.343475	330.226257
 -0.010147	0.019189	-2.617562	16	-51	1	-3	-13	237	-0.344530	0.248943	0.691617	29.517809	375.217834	330.226257
 -0.013639	0.011754	-2.615602	-37	108	20	10	-14	237	-0.360845	0.254015	0.687625	29.517809	375.217834	330.226257
 -0.015529	0.003271	-2.613264	-1	-15	16	-4	-13	232	-0.360845	0.254015	0.687625	29.517809	375.217834	330.226257
 -0.015529	0.003271	-2.613264	-1	-15	16	-4	-13	232	-0.360845	0.254015	0.687625	29.517809	375.217834	330.226257
 -0.018072	0.000158	-2.610893	-16	5	13	-9	-10	231	-0.360845	0.254015	0.687625	29.517809	375.217834	330.256256
 -0.021520	-0.000961	-2.608691	-15	15	18	-7	-13	230	-0.360845	0.254015	0.687625	29.518387	374.677521	330.256256
 -0.023400	-0.002641	-2.606420	-12	10	13	-8	-10	230	-0.360845	0.254015	0.687625	29.518387	374.677521	330.256256
 -0.026390	-0.003831	-2.604244	-17	13	15	-11	-13	230	-0.360845	0.254015	0.687625	29.518387	374.677521	330.256256
 -0.027921	-0.003945	-2.602119	-18	22	15	-11	-13	232	-0.362764	0.254861	0.690619	29.518387	374.677521	330.181244
 -0.029117	-0.003931	-2.600127	-12	17	16	-12	-11	229	-0.362764	0.254861	0.690619	29.514948	377.892822	330.181244
 -0.029117	-0.003931	-2.600127	-12	17	16	-12	-11	229	-0.362764	0.254861	0.690619	29.514948	377.892822	330.181244
 -0.031205	-0.003516	-2.598179	-19	17	16	-13	-12	232	-0.362764	0.254861	0.690619	29.514948	377.892822	330.181244
 -0.032532	-0.002941	-2.596250	-15	24	15	-13	-15	232	-0.362764	0.254861	0.690619	29.514948	377.892822	330.181244
 -0.032541	-0.002447	-2.594321	-14	25	13	-12	-15	229	-0.362764	0.254861	0.690619	29.514948	377.892822	330.230011
 -0.032720	-0.002133	-2.592421	-20	15	12	-9	-14	229	-0.362764	0.254861	0.690619	29.519201	373.915436	330.230011
 -0.032720	-0.002133	-2.592421	-20	15	12	-9	-14	229	-0.362764	0.254861	0.690619	29.519201	373.915436	330.230011
 -0.033158	-0.003286	-2.590605	-15	25	14	-10	-14	229	-0.365643	0.258242	0.699601	29.519201	373.915436	330.230011
 -0.033622	-0.003681	-2.588565	-18	15	14	-10	-15	229	-0.365643	0.258242	0.699601	29.519201	373.915436	330.230011
 -0.033472	-0.004085	-2.586548	-11	17	13	-11	-16	230	-0.365643	0.258242	0.699601	29.519201	373.915436	330.274994
 -0.033030	-0.004253	-2.584722	-15	25	19	-8	-16	230	-0.365643	0.258242	0.699601	29.521040	372.196228	330.274994
 -0.032610	-0.005510	-2.582893	-14	22	17	-9	-16	230	-0.365643	0.258242	0.699601	29.521040	372.196228	330.274994
 -0.032610	-0.005510	-2.582893	-14	22	17	-9	-16	230	-0.365643	0.258242	0.699601	29.521040	372.196228	330.274994
 -0.032377	-0.006048	-2.581017	-20	14	13	-11	-15	229	-0.365643	0.258242	0.699601	29.521040	372.196228	330.274994
 -0.032372	-0.005960	-2.579202	-12	23	14	-12	-15	228	-0.363724	0.256551	0.687625	29.521040	372.196228	330.282501
 -0.032447	-0.005211	-2.577580	-15	12	15	-10	-13	229	-0.363724	0.256551	0.687625	29.519697	373.451874	330.282501
 -0.033326	-0.005703	-2.576030	-16	27	17	-12	-16	231	-0.363724	0.256551	0.687625	29.519697	373.451874	330.282501
 -0.032816	-0.005314	-2.574476	-12	25	15	-11	-14	229	-0.363724	0.256551	0.687625	29.519697	373.451874	330.282501
 -0.032816	-0.005314	-2.574476	-12	25	15	-11	-14	229	-0.363724	0.256551	0.687625	29.519697	373.451874	330.282501
 -0.033161	-0.005302	-2.573029	-12	23	18	-10	-15	229	-0.363724	0.256551	0.687625	29.519697	373.451874	330.274994
 -0.033148	-0.005586	-2.571501	-15	19	13	-11	-16	231	-0.363724	0.256551	0.687625	29.522049	371.252441	330.274994
 -0.032753	-0.005598	-2.570079	-16	25	16	-10	-14	229	-0.364683	0.254015	0.691617	29.522049	371.252441	330.274994
 -0.033225	-0.005830	-2.568816	-17	18	17	-11	-13	228	-0.364683	0.254015	0.691617	29.522049	371.252441	330.274994
 -0.034011	-0.005661	-2.567531	-15	19	15	-9	-11	230	-0.364683	0.254015	0.691617	29.522049	371.252441	330.312500
 -0.034011	-0.005661	-2.567531	-15	19	15	-9	-11	230	-0.364683	0.254015	0.691617	29.522049	371.252441	330.312500
 -0.035500	-0.006396	-2.566221	-16	23	13	-8	-13	231	-0.364683	0.254015	0.691617	29.523779	369.635071	330.312500
 -0.035991	-0.007347	-2.564950	-14	19	13	-9	-11	231	-0.364683	0.254015	0.691617	29.523779	369.635071	330.312500
 -0.037209	-0.007964	-2.563844	-14	25	19	-9	-15	231	-0.364683	0.254015	0.691617	29.523779	369.635071	330.312500
 -0.036915	-0.008593	-2.562752	-21	28	18	-9	-14	230	-0.363724	0.256551	0.702595	29.523779	369.635071	330.290009
 -0.036953	-0.008936	-2.561355	-17	19	13	-10	-13	230	-0.363724	0.256551	0.702595	29.522301	371.017334	330.290009
 -0.036953	-0.008936	-2.561355	-17	19	13	-10	-13	230	-0.363724	0.256551	0.702595	29.522301	371.017334	330.290009
 -0.037354	-0.008851	-2.560014	-16	19	14	-11	-16	231	-0.363724	0.256551	0.702595	29.522301	371.017334	330.290009
 -0.036433	-0.008506	-2.558661	-12	24	12	-11	-16	235	-0.363724	0.256551	0.702595	29.522301	371.017334	330.290009
 -0.035639	-0.007992	-2.557397	-14	15	14	-10	-18	230	-0.363724	0.256551	0.702595	29.522301	371.017334	330.308746
 -0.034202	-0.007633	-2.556104	-16	4	11	-13	-17	227	-0.363724	0.256551	0.702595	29.518610	374.467407	330.308746
 -0.033257	-0.006640	-2.554942	-13	25	16	-10	-16	230	-0.362764	0.255706	0.676647	29.518841	374.252289	330.308746
 -0.033257	-0.006640	-2.554942	-13	25	16	-10	-16	230	-0.362764	0.255706	0.676647	29.518841	374.252289	330.308746
 -0.032774	-0.006980	-2.553892	-13	27	15	-9	-15	230	-0.362764	0.255706	0.676647	29.518841	374.252289	330.308746
 -0.032831	-0.007582	-2.552917	-17	23	17	-9	-15	230	-0.362764	0.255706	0.676647	29.518841	374.252289	330.282501
 -0.032905	-0.008098	-2.551942	-18	22	16	-8	-14	229	-0.362764	0.255706	0.676647	29.518841	374.252289	330.282501
 -0.033329	-0.008983	-2.550937	-16	23	14	-10	-12	228	-0.362764	0.255706	0.676647	29.520555	372.649780	330.282501
 -0.034518	-0.008913	-2.550025	-16	20	17	-11	-13	229	-0.362764	0.255706	0.676647	29.520555	372.649780	330.282501
 -0.034518	-0.008913	-2.550025	-16	20	17	-11	-13	229	-0.362764	0.255706	0.676647	29.520555	372.649780	330.282501
 -0.035147	-0.008673	-2.549083	-15	29	15	-11	-19	230	-0.363724	0.257396	0.679641	29.520555	372.649780	330.282501
 -0.033361	-0.008362	-2.548114	-16	25	13	-7	-18	228	-0.363724	0.257396	0.679641	29.520555	372.649780	330.282501
 -0.032099	-0.009627	-2.547165	-14	23	13	-6	-14	228	-0.363724	0.257396	0.679641	29.520607	372.601440	330.282501
 -0.032613	-0.011086	-2.546252	-16	20	14	-8	-18	227	-0.363724	0.257396	0.679641	29.520607	372.601440	330.282501
 -0.031424	-0.011677	-2.545376	-13	23	14	-8	-14	230	-0.363724	0.257396	0.679641	29.520607	372.601440	330.260010
 -0.031424	-0.011677	-2.545376	-13	23	14	-8	-14	230	-0.363724	0.257396	0.679641	29.520607	372.601440	330.260010
 -0.031930	-0.012193	-2.544528	-14	23	15	-9	-14	231	-0.363724	0.257396	0.679641	29.520607	372.601440	330.260010
 -0.032371	-0.012386	-2.543770	-14	28	18	-12	-14	232	-0.362764	0.255706	0.692615	29.519777	373.376831	330.260010
 -0.032779	-0.011030	-2.543235	-15	13	19	-12	-13	229	-0.362764	0.255706	0.692615	29.519777	373.376831	330.260010
 -0.033579	-0.010003	-2.542603	-15	22	15	-11	-11	231	-0.362764	0.255706	0.692615	29.519777	373.376831	330.256256
 -0.035074	-0.009409	-2.541908	-16	19	12	-11	-12	231	-0.362764	0.255706	0.692615	29.519777	373.376831	330.256256
 -0.035074	-0.009409	-2.541908	-16	19	12	-11	-12	231	-0.362764	0.255706	0.692615	29.519777	373.376831	330.256256
 -0.035955	-0.008978	-2.541378	-13	23	18	-10	-15	231	-0.362764	0.255706	0.692615	29.519863	373.296783	330.256256
 -0.035626	-0.009054	-2.540869	-15	26	18	-12	-15	230	-0.362764	0.255706	0.692615	29.519863	373.296783	330.256256
 -0.035286	-0.008016	-2.540383	-13	13	18	-13	-15	231	-0.363724	0.256551	0.689621	29.519863	373.296783	330.267517
 -0.034998	-0.006964	-2.539677	-14	24	16	-13	-16	230	-0.363724	0.256551	0.689621	29.519863	373.296783	330.267517
 -0.034377	-0.006080	-2.538939	-15	27	14	-11	-19	228	-0.363724	0.256551	0.689621	29.519886	373.275116	330.267517
 -0.034377	-0.006080	-2.538939	-15	27	14	-11	-19	228	-0.363724	0.256551	0.689621	29.519886	373.275116	330.267517
 -0.032554	-0.005753	-2.538308	-12	14	17	-10	-16	230	-0.363724	0.256551	0.689621	29.519886	373.275116	330.267517
 -0.032081	-0.005975	-2.537632	-11	19	15	-11	-14	229	-0.363724	0.256551	0.689621	29.519886	373.275116	330.282501
 -0.032480	-0.005948	-2.536912	-12	26	13	-11	-16	229	-0.363724	0.256551	0.689621	29.519886	373.275116	330.282501
 -0.031995	-0.005772	-2.536098	-10	20	8	-10	-16	229	-0.361804	0.255706	0.701597	29.519793	373.361816	330.282501
 -0.031681	-0.006064	-2.535407	-15	22	13	-12	-16	230	-0.361804	0.255706	0.701597	29.519793	373.361816	330.282501
 -0.031681	-0.006064	-2.535407	-15	22	13	-12	-16	230	-0.361804	0.255706	0.701597	29.519793	373.361816	330.282501
 -0.031416	-0.005562	-2.534756	-16	23	14	-12	-13	231	-0.361804	0.255706	0.701597	29.519793	373.361816	330.320007
